0 243498 7 117    76 73 1 5 50 16 71 8 76 
1 147505 6 140    76 28 33 45 66 25 39 76 
2 246413 7 131    76 29 67 3 51 26 19 69 76 
3 229591 8 110    76 47 46 35 68 70 59 36 44 76 
4 205523 7 110    76 4 14 56 12 53 18 37 76 
5 118446 5 140    77 52 13 58 65 9 77 
6 231454 7 133    77 34 7 6 10 64 57 30 77 
7 263928 8 140    78 2 43 31 49 17 54 24 20 78 
8 207656 8 131    79 0 72 61 32 62 15 48 23 79 
9 233669 5 76    79 21 55 22 11 38 79 
10 217667 7 136    79 42 40 41 63 60 27 74 79 
BEST COST= 2345350    RUN TIME= 3.42398    TOTAL VEHICLES= 11