0 570593 10 497    249 91 177 209 40 109 226 28 133 146 158 249 
1 786358 9 469    249 195 235 119 178 215 198 242 248 63 249 
2 827434 10 488    249 110 21 43 36 164 5 180 170 131 189 249 
3 793213 9 481    249 173 142 106 239 44 211 150 87 246 249 
4 838447 9 428    249 221 84 168 51 15 117 176 113 124 249 
5 811137 10 498    249 47 22 127 160 92 13 97 116 59 157 249 
6 845331 11 498    250 55 79 193 112 102 174 77 50 19 108 104 250 
7 836732 10 456    250 222 42 61 236 175 135 58 161 31 126 250 
8 827493 10 457    250 9 41 196 65 167 46 23 39 234 100 250 
9 708259 10 498    250 37 38 101 14 218 74 225 232 56 202 250 
10 801863 10 495    250 224 240 10 213 130 237 12 152 120 67 250 
11 843296 9 380    250 241 121 145 134 83 54 16 200 223 250 
12 762422 9 457    251 172 82 35 219 149 188 105 166 68 251 
13 813915 9 415    251 136 227 52 205 64 182 57 212 115 251 
14 849280 9 475    251 206 95 111 7 122 2 214 96 66 251 
15 814984 10 478    251 29 197 194 1 169 229 25 8 88 247 251 
16 737251 7 442    251 48 129 128 30 141 183 93 251 
17 759204 10 497    251 123 11 132 210 60 89 220 204 99 244 251 
18 811210 10 454    251 17 190 4 78 18 184 165 26 32 233 251 
19 747725 9 497    251 53 203 72 162 81 156 192 147 216 251 
20 799738 11 450    252 3 80 185 20 137 208 144 171 73 140 125 252 
21 787080 10 479    252 94 159 163 139 6 245 24 207 151 62 252 
22 773229 10 478    252 187 33 86 153 75 154 231 201 138 217 252 
23 753099 9 495    252 181 34 238 118 148 85 49 90 179 252 
24 811814 9 493    252 27 155 143 191 45 186 76 199 103 252 
25 843834 10 351    252 114 243 107 69 98 230 70 228 0 71 252 
BEST COST= 20554941    RUN TIME= 24.5222    TOTAL VEHICLES= 26