0 539367 8 44    80 1 7 15 23 31 39 74 58 80 
1 490908 8 44    80 3 5 11 19 27 35 37 56 80 
2 555758 8 45    80 4 12 20 28 36 22 30 42 80 
3 572645 8 39    80 6 14 13 21 29 72 64 66 80 
4 408142 7 39    80 0 9 17 8 16 24 32 80 
5 463550 7 30    80 2 10 18 26 34 33 25 80 
6 582578 9 56    81 44 41 49 57 65 73 38 48 53 81 
7 569588 9 46    81 43 40 51 59 67 75 61 69 77 81 
8 526866 8 40    81 47 52 60 68 76 55 63 79 81 
9 500560 8 49    81 46 45 54 62 70 78 71 50 81 
BEST COST= 5209962    RUN TIME= 2.79346    TOTAL VEHICLES= 10