0 529637 7 29    160 9 17 8 16 24 32 26 160 
1 595497 10 54    160 3 5 14 22 30 38 73 65 57 50 160 
2 672842 9 38    160 4 12 20 28 36 155 18 31 23 160 
3 651119 8 55    160 2 7 6 13 21 29 72 58 160 
4 707655 9 57    160 1 0 11 19 27 35 25 10 15 160 
5 680075 9 60    161 41 42 49 40 48 56 64 37 33 161 
6 544446 7 46    161 43 45 53 61 77 55 117 161 
7 687295 10 43    161 44 52 60 68 76 115 93 101 109 79 161 
8 635446 9 47    161 46 47 54 62 70 78 63 71 69 161 
9 694220 7 30    161 51 59 67 75 66 112 125 161 
10 716881 10 54    162 81 80 89 97 105 113 158 150 143 95 162 
11 585201 9 53    162 83 85 91 99 107 88 96 104 74 162 
12 720431 10 48    162 84 87 92 100 108 116 98 106 114 151 162 
13 641092 9 42    162 86 94 102 110 118 103 111 119 90 162 
14 659076 9 48    163 121 129 137 145 153 138 130 135 159 163 
15 711834 10 54    163 123 120 131 139 147 128 136 144 152 34 163 
16 726213 9 54    163 124 127 132 140 148 156 146 154 82 163 
17 701687 9 52    163 122 126 134 142 133 141 149 39 157 163 
BEST COST= 11860647    RUN TIME= 11.754    TOTAL VEHICLES= 18