0 1133195 12 60    360 1 9 17 25 33 238 230 222 206 18 147 134 360 
1 1019816 10 60    360 2 0 3 11 19 35 21 64 56 112 360 
2 648576 9 60    360 6 7 4 12 10 28 36 155 138 360 
3 982725 12 60    361 41 40 49 57 65 73 38 30 22 5 39 157 361 
4 1059575 11 57    361 43 51 59 67 75 356 53 62 55 50 319 361 
5 1133421 11 60    361 44 47 46 54 70 78 77 359 335 358 347 361 
6 1075651 13 56    362 81 89 97 105 113 158 150 142 135 143 159 114 90 362 
7 1010116 11 60    362 83 85 93 101 109 117 79 71 63 69 325 362 
8 971136 10 60    362 84 87 92 100 108 116 103 102 118 327 362 
9 1091339 9 47    362 86 94 110 119 111 95 88 66 58 362 
10 1048425 12 60    362 80 91 99 107 115 76 68 60 52 42 31 96 362 
11 881695 10 59    363 122 121 120 128 136 144 34 26 139 104 363 
12 416298 7 60    363 127 126 123 131 133 141 20 363 
13 1055366 10 55    363 124 132 140 148 156 151 106 98 82 169 363 
14 1136353 10 56    364 161 162 170 178 186 194 196 171 179 23 364 
15 1091246 10 59    364 163 165 173 181 153 145 137 125 149 24 364 
16 1059822 12 60    364 164 172 180 188 175 183 191 199 154 146 130 129 364 
17 1103472 12 54    364 166 167 174 182 190 198 189 197 152 239 231 210 364 
18 1150514 10 55    364 160 168 176 184 192 234 185 193 207 200 364 
19 1036058 11 48    365 201 209 217 225 233 208 235 276 268 249 273 365 
20 934680 10 53    365 203 211 219 227 213 221 229 237 215 177 365 
21 1152502 12 60    365 204 212 220 228 236 195 187 223 214 205 216 224 365 
22 359199 6 60    366 241 242 247 255 263 202 366 
23 1150890 11 55    366 243 251 240 248 256 264 272 275 257 265 274 366 
24 1090381 10 53    366 244 252 260 250 258 266 232 218 226 8 366 
25 933624 12 57    366 246 245 254 262 270 278 313 305 297 289 271 279 366 
26 1099264 10 46    366 259 267 253 261 269 277 312 296 285 294 366 
27 1092804 11 60    367 281 282 290 298 306 314 32 308 295 293 309 367 
28 1155084 11 59    367 283 280 291 299 307 315 301 317 352 311 45 367 
29 987578 10 60    367 284 292 300 316 27 13 14 15 74 48 367 
30 1045152 12 60    368 321 329 337 345 353 318 310 302 286 288 304 16 368 
31 1163585 11 58    368 323 320 331 339 333 341 349 357 336 344 37 368 
32 1118657 12 60    368 324 332 340 348 330 338 346 354 72 29 303 287 368 
33 1106543 10 57    368 326 334 342 350 343 351 61 322 328 355 368 
BEST COST= 34494742    RUN TIME= 45.241    TOTAL VEHICLES= 34