0 879911 11 189    145 96 126 113 46 38 92 140 77 129 130 115 145 
1 833438 10 161    144 128 108 33 6 72 83 79 56 81 54 144 
2 883871 13 129    144 39 52 27 101 100 121 95 24 62 34 41 50 17 144 
3 860773 13 185    146 90 31 32 44 67 107 138 2 133 120 118 48 105 146 
4 851129 11 116    147 131 18 141 11 119 25 109 3 117 102 127 147 
5 892491 12 163    145 22 49 89 7 37 15 21 112 60 8 73 1 145 
6 886185 12 156    147 64 4 76 124 14 45 143 43 114 139 9 103 147 
7 896408 12 190    148 137 111 13 104 66 69 78 116 5 55 110 47 148 
8 885375 12 190    148 82 106 135 40 91 42 80 97 19 26 28 132 148 
9 798499 14 187    148 20 35 51 123 99 57 59 93 88 85 94 29 30 136 148 
10 865652 11 150    148 63 84 0 75 61 86 87 125 142 68 74 148 
11 821641 13 190    149 53 71 98 70 16 10 65 12 122 58 23 134 36 149 
BEST COST= 10355373    RUN TIME= 13.7355    TOTAL VEHICLES= 12