0 837421 4 21    100 81 33 93 48 100 
1 661785 4 14    100 11 40 68 12 100 
2 936065 5 41    100 70 39 90 98 55 100 
3 904564 5 26    100 5 8 82 16 69 100 
4 982389 5 21    100 21 9 85 76 45 100 
5 662051 5 28    100 51 37 35 78 38 100 
6 755783 4 11    100 66 4 34 47 100 
7 710179 3 7    101 94 62 26 101 
8 877606 4 22    101 75 64 84 60 101 
9 316732 3 21    101 23 2 50 101 
10 557417 3 26    101 52 30 88 101 
11 789075 4 21    101 53 67 95 27 101 
12 304757 3 24    101 24 18 72 101 
13 999451 5 26    102 74 99 57 59 44 102 
14 784311 7 50    102 54 71 96 63 0 14 65 102 
15 843599 5 29    102 41 17 87 61 56 102 
16 700208 3 21    102 43 19 97 102 
17 979136 5 37    102 1 79 7 49 58 102 
18 920495 3 15    102 83 28 25 102 
19 719628 3 13    103 36 80 91 103 
20 358845 3 26    103 42 31 13 103 
21 256855 3 5    103 46 73 32 103 
22 724966 3 25    103 86 92 89 103 
23 828138 4 22    103 20 10 6 15 103 
24 917638 4 12    103 29 22 77 3 103 
BEST COST= 18329094    RUN TIME= 0