0 269369 2 10    100 17 83 100 
1 300710 4 25    100 85 47 46 64 100 
2 530132 3 5    100 63 25 81 100 
3 558453 5 23    100 93 45 26 20 66 100 
4 442652 3 17    100 68 23 27 100 
5 750543 5 20    101 21 5 65 60 88 101 
6 843156 4 24    101 82 72 57 50 101 
7 573513 6 34    101 31 92 4 59 14 48 101 
8 803254 5 23    101 1 70 95 18 74 101 
9 470037 5 18    102 30 73 38 19 28 102 
10 461346 4 13    102 90 13 54 89 102 
11 381874 4 26    102 98 76 96 86 102 
12 790846 4 17    102 53 12 8 2 102 
13 847124 4 12    103 29 22 10 6 103 
14 280000 3 5    103 9 51 99 103 
15 524195 4 22    103 40 34 75 44 103 
16 533399 4 28    103 24 67 36 61 103 
17 637928 3 13    104 35 39 42 104 
18 550833 2 12    104 49 32 104 
19 172316 2 16    104 15 77 104 
20 494098 3 24    104 43 69 97 104 
21 502684 5 19    105 16 91 7 52 78 105 
22 853472 5 38    105 58 11 55 33 84 105 
23 786174 6 41    105 62 37 71 87 3 79 105 
24 443605 5 24    105 94 80 56 0 41 105 
BEST COST= 13801713    RUN TIME= 0