0 315283 3 32    100 70 42 2 100 
1 188943 2 3    100 3 88 100 
2 248421 2 10    100 97 14 100 
3 143760 2 5    100 56 34 100 
4 159791 3 15    100 27 20 68 100 
5 321795 3 17    101 40 75 25 101 
6 263570 2 14    101 64 79 101 
7 313419 4 14    101 60 16 85 90 101 
8 416146 4 21    101 73 19 36 37 101 
9 570761 6 30    102 58 11 15 35 67 48 102 
10 422130 5 22    102 81 52 63 30 59 102 
11 458647 6 24    102 83 21 24 39 53 62 102 
12 477742 5 44    102 33 77 78 72 84 102 
13 322395 4 18    103 32 99 91 26 103 
14 412045 4 8    103 61 65 80 10 103 
15 399257 5 19    103 89 29 87 94 18 103 
16 289443 3 26    103 95 31 22 103 
17 574797 6 25    104 49 12 96 76 17 8 104 
18 391974 4 10    104 4 74 47 54 104 
19 533174 6 38    104 1 69 43 44 23 7 104 
20 458322 4 32    104 92 93 51 98 104 
21 332980 4 24    105 66 86 5 6 105 
22 315358 3 22    105 41 46 28 105 
23 346848 5 42    105 9 71 82 55 0 105 
24 406732 5 23    105 45 13 50 38 57 105 
BEST COST= 9083733    RUN TIME= 0