0 786120 4 29    100 20 65 97 55 100 
1 700100 5 33    100 5 68 75 30 35 100 
2 667962 5 24    100 86 98 32 47 57 100 
3 699657 4 10    100 69 31 78 54 100 
4 628901 3 20    100 8 38 73 100 
5 512222 4 13    100 0 90 4 96 100 
6 730213 4 20    100 7 45 62 3 100 
7 453672 3 28    101 43 46 72 101 
8 331386 2 3    101 74 84 101 
9 502072 3 14    101 13 92 27 101 
10 613237 3 16    101 41 9 39 101 
11 628947 3 11    101 42 1 70 101 
12 630923 3 14    101 11 61 12 101 
13 596504 6 24    102 58 15 67 25 76 52 102 
14 522457 4 29    102 24 29 66 34 102 
15 554959 4 29    102 37 33 28 59 102 
16 458441 5 30    102 64 22 48 63 71 102 
17 505210 5 26    102 23 80 44 10 95 102 
18 558774 7 45    102 79 81 89 85 88 40 56 102 
19 564142 3 17    103 18 19 49 103 
20 602615 3 15    103 77 26 2 103 
21 511680 5 23    103 51 60 82 99 53 103 
22 672602 5 26    103 94 6 87 91 83 103 
23 510776 4 10    103 50 93 16 17 103 
24 630222 3 3    103 36 14 21 103 
BEST COST= 14573794    RUN TIME= 0