0 740165 5 11    100 66 39 14 91 30 100 
1 676192 5 23    100 93 35 94 48 78 100 
2 586752 5 39    100 65 8 45 21 18 100 
3 556247 3 14    100 75 5 36 100 
4 380261 5 26    100 55 60 23 90 54 100 
5 402827 3 21    101 57 7 34 101 
6 413723 3 9    101 3 2 19 101 
7 404868 4 19    101 52 61 37 84 101 
8 500514 4 33    101 31 4 73 42 101 
9 630554 7 43    102 22 58 47 56 99 77 25 102 
10 642029 4 26    102 20 53 67 82 102 
11 344947 4 8    102 38 43 98 49 102 
12 652419 4 9    102 76 72 86 87 102 
13 458660 4 26    103 97 0 12 88 103 
14 572868 6 21    103 13 15 41 29 24 27 103 
15 655908 4 15    103 33 17 79 59 103 
16 630320 5 11    103 71 69 70 63 92 103 
17 440000 5 24    104 80 26 6 16 32 104 
18 375065 4 30    104 62 96 50 89 104 
19 238518 3 21    104 68 10 28 104 
20 380115 4 22    104 85 64 51 46 104 
21 312801 2 3    105 1 81 105 
22 231108 2 10    105 40 11 105 
23 240623 2 10    105 9 83 105 
24 262743 3 17    105 95 44 74 105 
BEST COST= 11730227    RUN TIME= 0