0 443530 5 38    100 51 66 20 95 63 100 
1 381530 4 17    100 40 75 55 79 100 
2 725583 5 21    100 67 53 32 90 47 100 
3 986009 5 15    100 64 84 12 15 25 100 
4 732532 4 17    100 59 81 65 91 100 
5 846815 4 28    100 78 94 80 1 100 
6 230938 3 22    100 37 35 89 100 
7 991943 4 22    101 83 26 96 22 101 
8 848928 3 15    101 18 44 61 101 
9 572622 3 18    101 7 4 77 101 
10 214514 2 12    101 52 69 101 
11 156346 2 14    101 70 2 101 
12 503464 3 17    101 33 56 24 101 
13 896927 4 5    102 16 54 17 92 102 
14 801666 5 27    102 72 76 87 82 9 102 
15 1103934 5 20    102 5 30 36 98 39 102 
16 721478 5 29    102 11 23 13 58 49 102 
17 874646 6 41    102 46 99 19 68 42 27 102 
18 940682 5 40    102 34 28 62 0 93 102 
19 810887 4 22    103 31 38 43 21 103 
20 790136 4 15    103 14 3 86 57 103 
21 974582 4 17    103 41 29 48 50 103 
22 842631 3 14    103 73 85 8 103 
23 932844 4 14    103 97 60 10 45 103 
24 796101 4 9    103 6 88 71 74 103 
BEST COST= 18121268    RUN TIME= 0