0 646837 4 11    50 15 27 8 33 50 
1 531883 3 17    50 21 22 7 50 
2 668570 5 35    50 11 23 4 16 17 50 
3 607213 4 22    50 40 47 28 48 50 
4 590197 3 12    50 2 46 37 50 
5 237725 2 14    51 19 26 51 
6 639839 3 17    51 34 42 35 51 
7 479779 3 13    51 18 24 12 51 
8 723852 3 21    51 29 1 44 51 
9 659918 3 18    51 49 3 36 51 
10 14142 1 1    52 31 52 
11 22361 1 1    52 14 52 
12 191422 2 10    52 6 39 52 
13 144904 2 16    52 38 13 52 
14 41231 1 8    52 30 52 
15 326562 2 14    53 45 25 53 
16 210626 2 4    53 43 32 53 
17 345790 2 4    53 20 9 53 
18 361777 2 12    53 5 0 53 
19 163783 2 16    53 41 10 53 
BEST COST= 7608411    RUN TIME= 0