0 486137 3 14    50 20 36 28 50 
1 655572 3 7    50 29 24 26 50 
2 685096 3 24    50 34 21 3 50 
3 514006 3 16    50 11 41 40 50 
4 663521 3 16    50 2 25 1 50 
5 500107 2 20    51 7 49 51 
6 572688 2 8    51 43 12 51 
7 656357 3 12    51 9 4 38 51 
8 509813 2 12    51 17 8 51 
9 575319 3 12    51 46 30 22 51 
10 494103 3 18    52 13 5 42 52 
11 739079 2 24    52 0 10 52 
12 631505 3 7    52 39 45 23 52 
13 548574 3 11    52 47 48 14 52 
14 523721 2 13    52 37 31 52 
15 579380 2 14    53 6 18 53 
16 349695 2 24    53 27 44 53 
17 438901 2 4    53 16 32 53 
18 269116 2 2    53 33 35 53 
19 251660 2 20    53 19 15 53 
BEST COST= 10644350    RUN TIME= 0