0 255101 2 14    50 28 1 50 
1 325811 2 10    50 2 12 50 
2 375727 3 7    50 39 7 18 50 
3 337013 2 20    50 42 11 50 
4 176204 2 4    50 31 26 50 
5 643067 3 21    51 27 15 3 51 
6 164118 2 8    51 30 9 51 
7 278489 2 10    51 46 0 51 
8 264460 3 26    51 36 23 17 51 
9 558886 3 24    51 24 25 49 51 
10 367698 3 6    52 19 32 6 52 
11 547568 3 14    52 37 16 13 52 
12 152676 2 12    52 22 38 52 
13 340290 3 7    52 43 29 21 52 
14 476481 4 34    52 48 20 35 44 52 
15 353612 2 6    53 4 5 53 
16 557442 3 13    53 14 45 40 53 
17 262602 2 13    53 41 10 53 
18 341542 2 9    53 34 47 53 
19 410000 2 9    53 33 8 53 
BEST COST= 7188787    RUN TIME= 0