0 139442 2 9    50 2 11 50 
1 254557 3 24    50 20 46 13 50 
2 251072 2 13    50 47 5 50 
3 233246 3 20    50 15 6 48 50 
4 603814 4 12    51 26 45 19 31 51 
5 209840 3 28    51 17 42 37 51 
6 497412 3 15    51 10 40 16 51 
7 473826 3 28    51 36 28 9 51 
8 358420 2 16    52 23 29 52 
9 179052 2 16    52 27 44 52 
10 217164 2 14    52 49 25 52 
11 262658 2 6    53 30 32 53 
12 56569 1 8    53 4 53 
13 431858 2 3    53 0 12 53 
14 10000 1 1    54 21 54 
15 40000 1 12    54 1 54 
16 89443 1 12    54 41 54 
17 555378 5 16    55 35 43 22 8 14 55 
18 580783 4 11    55 7 39 38 33 55 
19 516468 4 10    55 24 3 34 18 55 
BEST COST= 5961002    RUN TIME= 0