0 392823 3 18    50 7 36 20 50 
1 334442 3 28    50 33 16 5 50 
2 158694 2 3    50 13 10 50 
3 499896 3 22    50 29 4 28 50 
4 144406 2 16    51 45 25 51 
5 31623 1 8    51 21 51 
6 44721 1 2    51 0 51 
7 44721 1 4    51 47 51 
8 538127 4 15    52 19 37 23 49 52 
9 597927 5 24    52 46 1 15 8 17 52 
10 539493 3 13    52 18 30 40 52 
11 409554 2 16    53 39 38 53 
12 389573 3 16    53 11 14 48 53 
13 361936 2 3    53 2 6 53 
14 654090 2 4    54 32 22 54 
15 440302 2 3    54 26 3 54 
16 70711 1 12    54 35 54 
17 286270 3 11    55 44 34 9 55 
18 348417 3 24    55 41 31 43 55 
19 262801 4 32    55 42 24 12 27 55 
BEST COST= 6550527    RUN TIME= 0