0 291246 3 20    50 19 23 26 50 
1 151623 2 4    50 25 16 50 
2 200925 2 10    50 21 22 50 
3 589511 3 17    50 49 3 39 50 
4 150711 2 14    51 45 12 51 
5 225440 2 3    51 15 43 51 
6 194742 2 2    51 2 5 51 
7 192534 2 9    51 47 44 51 
8 267724 3 17    52 24 13 34 52 
9 552670 4 20    52 9 14 48 17 52 
10 465377 4 18    52 42 6 7 41 52 
11 194164 2 5    53 28 32 53 
12 289538 3 22    53 37 10 20 53 
13 256300 2 20    53 27 29 53 
14 143760 2 3    54 31 4 54 
15 103584 2 20    54 38 33 54 
16 122361 2 14    54 0 35 54 
17 503107 3 5    55 46 30 1 55 
18 625608 3 18    55 36 8 18 55 
19 344548 2 2    55 11 40 55 
BEST COST= 5865473    RUN TIME= 0