0 60000 2 10    50 28 40 50 
1 338745 3 11    50 14 11 47 50 
2 288617 2 16    50 17 34 50 
3 368002 2 14    50 29 0 50 
4 455917 4 19    50 3 1 24 25 50 
5 252361 3 10    51 12 22 42 51 
6 501816 4 30    50 20 7 41 48 50 
7 122462 2 16    51 49 8 51 
8 121655 1 2    50 36 50 
9 650000 5 27    50 13 46 39 45 6 50 
10 141421 1 2    50 4 50 
11 233606 2 20    53 15 19 53 
12 252531 2 6    50 9 30 50 
13 295749 3 20    50 26 37 43 50 
14 76158 1 1    53 31 53 
15 350325 3 22    53 44 5 16 53 
16 60000 1 2    53 32 53 
17 275176 2 10    50 2 21 50 
18 250414 4 26    53 18 23 10 38 53 
19 347295 3 14    53 35 33 27 53 
BEST COST= 5442250    RUN TIME= 19.8653