0 219971 3 24    50 17 15 16 50 
1 110000 1 12    50 1 50 
2 411980 4 9    50 24 27 4 8 50 
3 199736 2 13    50 11 23 50 
4 90000 3 22    51 7 48 37 51 
5 104823 2 13    51 26 44 51 
6 133417 1 12    50 49 50 
7 221870 2 6    50 21 28 50 
8 320000 4 21    51 35 36 34 5 51 
9 408702 4 15    50 40 47 22 3 50 
10 163006 3 13    50 33 12 18 50 
11 373625 3 14    50 42 2 46 50 
12 146492 2 10    51 29 19 51 
13 100395 2 9    52 31 6 52 
14 64722 2 9    52 14 30 52 
15 140089 3 18    52 39 13 38 52 
16 50000 1 8    53 0 53 
17 122361 2 16    53 10 41 53 
18 31623 1 2    53 9 53 
19 338176 5 20    53 25 32 43 20 45 53 
BEST COST= 3750988    RUN TIME= 21.1902