0 50000 1 12    50 1 50 
1 198532 2 16    50 2 42 50 
2 40000 1 12    51 49 51 
3 142204 2 3    52 7 41 52 
4 340976 4 7    50 26 39 31 28 50 
5 235295 3 14    52 13 37 33 52 
6 164384 3 10    51 9 0 30 51 
7 63246 1 12    51 36 51 
8 200000 3 22    51 17 23 46 51 
9 523138 4 25    51 24 45 25 15 51 
10 182676 3 6    52 6 19 32 52 
11 184808 3 22    52 44 48 20 52 
12 80778 2 12    52 38 22 52 
13 210990 3 7    52 21 43 29 52 
14 210998 2 20    52 34 35 52 
15 173615 2 9    51 3 27 51 
16 10000 1 2    53 12 53 
17 184163 3 28    53 11 18 10 53 
18 307403 3 13    51 14 4 16 51 
19 299793 4 15    53 5 40 47 8 53 
BEST COST= 3802999    RUN TIME= 5.02926