0 87148 2 8    52 17 19 52 
1 257360 4 9    52 46 1 36 26 52 
2 150990 2 16    50 33 16 50 
3 151980 2 9    52 37 23 52 
4 339087 4 23    52 49 18 8 30 52 
5 98994 2 16    51 25 45 51 
6 58864 2 10    54 21 0 54 
7 385235 4 18    52 40 15 32 4 52 
8 88284 2 13    50 5 13 50 
9 50645 2 16    55 43 27 55 
10 111980 2 14    51 6 35 51 
11 10000 1 4    54 47 54 
12 183153 3 16    50 28 7 29 50 
13 247963 3 32    55 41 31 39 55 
14 122112 2 10    55 44 34 55 
15 140000 4 21    55 9 42 24 12 55 
16 178415 3 14    53 48 3 11 53 
17 111231 3 16    50 20 10 22 50 
18 30000 1 4    53 38 53 
19 193241 2 5    50 14 2 50 
BEST COST= 2996682    RUN TIME= 32.1432    TOTAL VEHICLES= 20