0 77388 2 20    54 33 38 54 
1 50000 1 1    53 2 53 
2 170645 3 22    51 45 47 15 51 
3 77388 2 3    51 12 44 51 
4 133153 3 3    51 43 5 40 51 
5 472515 5 25    52 41 9 36 14 48 52 
6 64031 1 4    52 42 52 
7 179066 2 13    52 6 7 52 
8 122462 2 5    52 24 13 52 
9 70000 2 14    54 39 0 54 
10 193136 4 23    52 34 17 18 46 52 
11 103584 2 14    54 35 25 54 
12 207692 3 21    53 37 28 10 53 
13 256687 3 4    50 49 11 30 50 
14 91530 2 4    53 20 21 53 
15 193032 3 24    53 32 29 27 53 
16 73246 2 10    50 16 22 50 
17 326023 4 24    54 26 19 23 8 54 
18 76056 2 3    54 4 31 54 
19 157586 2 6    55 1 3 55 
BEST COST= 3095220    RUN TIME= 18.3479    TOTAL VEHICLES= 20