0 50000 1 2    50 12 50 
1 77388 2 20    54 4 1 54 
2 137295 3 17    53 5 48 41 53 
3 305395 3 7    53 32 30 0 53 
4 30000 2 13    50 11 13 50 
5 260507 4 33    51 16 17 42 40 51 
6 63246 1 2    51 26 51 
7 196568 4 36    51 31 37 9 28 51 
8 40000 1 8    52 29 52 
9 188890 2 16    52 27 23 52 
10 199749 3 22    52 44 25 49 52 
11 10000 1 1    54 21 54 
12 92112 2 8    55 18 7 55 
13 388352 4 6    51 10 22 19 45 51 
14 98994 2 16    50 20 2 50 
15 222687 4 14    55 14 36 35 43 55 
16 397348 4 14    55 34 8 39 38 55 
17 120908 2 16    50 6 47 50 
18 94142 2 16    50 15 46 50 
19 206849 3 7    55 33 24 3 55 
BEST COST= 3180430    RUN TIME= 15.3439    TOTAL VEHICLES= 20