0 40000 1 8    100 89 100 
1 210219 4 23    100 79 40 37 35 100 
2 101623 3 17    100 63 47 24 100 
3 198453 3 9    100 25 75 55 100 
4 180000 3 21    100 66 84 12 100 
5 158102 2 6    100 1 32 100 
6 178878 3 18    101 2 70 52 101 
7 386504 6 24    100 91 51 64 20 95 81 100 
8 278884 4 30    100 59 67 53 78 100 
9 639184 5 30    102 46 90 65 82 87 102 
10 547728 7 27    102 72 4 56 99 19 68 94 102 
11 563599 5 16    103 5 3 38 13 60 103 
12 350586 3 17    103 58 97 86 103 
13 726207 7 28    102 93 45 11 29 96 10 71 102 
14 58864 2 16    102 9 27 102 
15 296492 4 25    103 50 41 14 31 103 
16 449443 6 13    103 21 57 74 16 6 88 103 
17 678325 4 32    102 15 85 0 98 102 
18 122624 3 20    101 22 83 26 101 
19 121225 3 22    101 77 33 7 101 
20 115367 3 21    101 61 69 18 101 
21 628864 5 32    102 76 80 42 48 62 102 
22 147726 3 3    102 92 8 73 102 
23 639960 5 25    102 34 44 28 36 17 102 
24 539881 6 26    103 49 39 23 54 30 43 103 
BEST COST= 8358738    RUN TIME= 91.9504