0 563550 5 26    100 69 8 9 31 78 100 
1 155562 4 30    102 52 56 81 40 102 
2 189704 4 16    102 58 15 67 25 102 
3 212426 3 25    102 10 66 36 102 
4 105367 3 13    102 59 79 89 102 
5 141805 3 25    102 71 63 48 102 
6 141225 3 24    102 95 24 29 102 
7 339010 4 22    100 42 43 13 46 100 
8 242616 4 17    101 72 84 27 74 101 
9 669560 6 24    100 5 68 90 61 45 62 100 
10 762067 6 31    100 0 75 1 30 97 38 100 
11 265367 6 35    100 55 35 57 12 11 33 100 
12 383694 4 23    100 41 20 92 65 100 
13 163716 4 18    101 54 73 70 39 101 
14 404504 5 28    100 96 47 4 28 76 100 
15 408735 5 35    100 3 86 7 98 32 100 
16 88191 2 5    102 64 22 102 
17 204776 4 14    103 83 17 21 93 103 
18 234224 4 7    102 23 37 80 44 102 
19 142112 3 15    102 34 85 88 102 
20 376329 3 17    103 18 14 19 103 
21 153153 3 11    103 53 51 60 103 
22 91530 2 13    103 2 77 103 
23 206119 4 17    103 49 50 99 82 103 
24 653050 6 21    103 94 6 16 26 91 87 103 
BEST COST= 7298392    RUN TIME= 125.369