0 422683 3 6    100 48 50 68 100 
1 643346 5 20    100 12 40 4 9 33 100 
2 615304 4 16    100 55 67 16 85 100 
3 415752 4 24    100 69 5 74 62 100 
4 550769 5 19    100 45 66 94 8 41 100 
5 500861 4 16    100 38 29 22 93 100 
6 554278 4 21    100 47 70 1 98 100 
7 558338 4 33    100 51 81 82 83 100 
8 566569 4 30    100 21 78 61 28 100 
9 638636 6 28    102 44 53 80 39 99 76 102 
10 403165 3 28    102 65 6 19 102 
11 471325 3 13    102 26 72 57 102 
12 450000 4 28    102 56 84 17 27 102 
13 550240 4 29    102 97 71 14 95 102 
14 511374 4 29    102 58 54 87 30 102 
15 600931 5 38    102 25 96 0 90 59 102 
16 548577 5 34    102 52 43 63 79 49 102 
17 355786 4 22    103 91 46 31 64 103 
18 263306 3 26    103 13 42 18 103 
19 363214 4 23    103 32 73 2 23 103 
20 501948 3 22    103 89 88 7 103 
21 337657 3 17    103 15 10 37 103 
22 634321 5 20    103 60 36 24 75 92 103 
23 593272 4 15    103 3 86 35 34 103 
24 511739 3 7    103 20 11 77 103 
BEST COST= 12563391    RUN TIME= 0