0 301133 4 44    100 2 70 42 77 100 
1 264852 3 5    100 88 27 39 100 
2 269650 3 17    100 14 40 53 100 
3 208212 3 6    100 34 56 3 100 
4 359511 4 29    101 25 68 20 43 101 
5 171105 3 16    101 79 60 64 101 
6 151935 3 20    101 90 37 73 101 
7 420225 8 43    102 48 83 58 11 15 49 12 76 102 
8 326527 6 34    102 84 81 59 52 63 30 102 
9 464463 6 28    102 62 33 78 72 35 67 102 
10 270079 4 20    103 26 95 46 65 103 
11 286289 4 11    103 10 99 91 80 103 
12 412561 4 36    103 18 31 94 93 103 
13 442283 3 21    103 22 92 47 103 
14 370000 5 12    103 61 87 29 89 4 103 
15 333231 5 18    104 8 98 74 17 51 104 
16 285937 5 23    104 54 7 1 44 32 104 
17 342675 4 32    105 6 66 5 21 105 
18 353869 4 26    105 28 41 55 69 105 
19 365687 4 30    105 0 71 23 96 105 
20 194171 3 10    105 57 86 97 105 
21 238330 3 24    105 9 82 24 105 
22 242331 3 18    105 45 50 16 105 
23 209639 3 4    105 13 85 75 105 
24 223246 3 11    105 38 19 36 105 
BEST COST= 7507941    RUN TIME= 0