0 314908 4 18    100 83 81 63 46 100 
1 315564 4 20    101 88 67 44 99 101 
2 304869 4 6    101 50 12 8 92 101 
3 282181 3 10    101 48 98 36 101 
4 339191 4 22    101 74 1 65 33 101 
5 392127 4 16    101 21 5 24 60 101 
6 385130 4 13    101 31 4 3 72 101 
7 316012 5 40    101 69 96 34 40 19 101 
8 467687 5 41    101 59 39 49 82 57 101 
9 297917 4 19    101 14 53 13 54 101 
10 360414 7 45    102 28 97 43 35 86 30 38 102 
11 366155 5 11    102 89 32 90 73 76 102 
12 188994 3 20    103 6 45 66 103 
13 348549 5 33    103 64 85 47 61 17 103 
14 326272 5 33    104 42 2 77 15 51 104 
15 342419 3 10    105 78 27 9 105 
16 398591 5 23    105 84 91 37 87 10 105 
17 240000 3 14    105 79 68 20 105 
18 231861 3 14    105 41 29 93 105 
19 356155 3 14    105 58 52 18 105 
20 247386 3 6    105 62 22 75 105 
21 307285 4 25    105 80 23 26 25 105 
22 399249 4 23    105 16 7 11 95 105 
23 287300 3 7    105 56 0 70 105 
24 253978 3 26    105 94 71 55 105 
BEST COST= 8070194    RUN TIME= 0