0 417148 4 18    100 66 45 39 14 100 
1 207083 5 33    100 78 36 93 35 21 100 
2 180000 4 19    100 30 18 65 8 100 
3 217754 4 23    100 54 90 23 48 100 
4 148284 3 13    100 55 60 50 100 
5 276758 3 24    101 3 57 73 101 
6 121231 3 15    101 84 74 11 101 
7 219444 5 28    101 34 31 4 10 64 101 
8 308864 4 25    101 52 61 7 5 101 
9 440000 7 43    102 25 22 58 47 56 99 77 102 
10 137295 3 5    102 38 76 43 102 
11 170710 5 16    102 49 59 20 33 98 102 
12 232448 4 11    102 82 87 75 24 102 
13 103006 3 22    103 88 70 17 103 
14 175395 2 6    103 0 12 103 
15 297213 6 25    103 27 97 13 15 41 29 103 
16 97083 3 7    103 92 71 69 103 
17 141290 4 25    101 19 42 83 81 101 
18 371796 4 19    102 63 79 94 91 102 
19 370000 7 36    104 32 89 80 26 51 6 16 104 
20 77388 2 9    104 28 68 104 
21 167874 3 17    104 46 85 2 104 
22 116122 2 14    104 62 96 104 
23 457339 4 19    102 53 72 67 86 102 
24 352154 6 19    101 95 44 9 40 1 37 101 
BEST COST= 5803679    RUN TIME= 26.6572