12 55 4 500

32 31 20
34 45 20
27 36 20
29 29 20
32 29 20
26 25 20
24 33 20
30 35 20
29 27 20
29 21 20
33 28 20
17 58 20
40 12 20
25 60 20
21 28 20
30 51 20
19 47 20
17 33 20
22 40 20
25 14 20
29 12 20
24 48 20
17 42 20
26 17 20
19 21 20
10 32 20
34 56 20
12 47 20
19 38 20
27 41 20
21 35 20
32 45 20
27 45 20
32 38 20
8  22 20
15 25 20
35 16 20
36 47 20
46 51 20
50 40 20
23 22 20
27 30 20
38 39 20
36 32 20
32 41 20
42 36 20
36 26 20
15 19 20
19 14 20
46 19 20
27 5  20
52 24 20
40 22 20
40 52 20
42 42 20
22 54 0
36 36 0
18 25 0
39 19 0
