0 305967 3 12    50 28 11 36 50 
1 283153 3 16    50 26 20 47 50 
2 445018 4 18    50 3 2 17 21 50 
3 422030 3 18    50 40 37 43 50 
4 419267 3 15    50 1 24 25 50 
5 331422 2 16    50 12 7 50 
6 356277 2 20    50 49 41 50 
7 299325 2 6    50 22 4 50 
8 493384 3 5    50 14 48 29 50 
9 286852 2 16    51 38 13 51 
10 242966 2 4    53 18 16 53 
11 235204 2 12    53 23 5 53 
12 394534 3 15    53 44 33 39 53 
13 572221 3 26    53 32 19 0 53 
14 282843 2 14    53 10 9 53 
15 338327 2 5    53 31 30 53 
16 471437 3 25    53 35 27 34 53 
17 300998 2 3    53 42 45 53 
18 383957 2 12    53 8 46 53 
19 334060 2 20    53 15 6 53 
BEST COST= 7199242    RUN TIME= 0    TOTAL VEHICLES= 20