0 271246 3 13    50 33 27 16 50 
1 192942 2 16    50 7 21 50 
2 399452 4 29    50 17 15 23 1 50 
3 330971 3 18    50 48 18 4 50 
4 286011 2 4    50 37 46 50 
5 245158 2 3    50 12 8 50 
6 289707 3 9    50 40 42 22 50 
7 216620 2 24    50 35 49 50 
8 325277 3 18    50 24 11 28 50 
9 264548 2 6    50 36 3 50 
10 239911 2 13    50 26 34 50 
11 199732 2 16    50 47 2 50 
12 174930 2 3    51 44 19 51 
13 195114 3 17    52 31 13 6 52 
14 273516 3 17    52 14 30 29 52 
15 94722 2 10    52 39 38 52 
16 141803 3 18    53 25 10 41 53 
17 208243 3 6    53 32 43 20 53 
18 199261 2 14    53 9 45 53 
19 252971 2 12    53 0 5 53 
BEST COST= 4802135    RUN TIME= 0    TOTAL VEHICLES= 20