0 173615 2 9    51 3 27 51 
1 163745 2 8    51 9 24 51 
2 283961 2 14    51 0 15 51 
3 197047 2 13    51 17 45 51 
4 214852 3 17    51 49 40 47 51 
5 374018 3 14    51 5 18 2 51 
6 258021 2 20    51 36 25 51 
7 266986 2 12    51 30 14 51 
8 160000 2 10    51 23 46 51 
9 306275 4 6    52 6 28 39 26 52 
10 274383 3 17    52 13 37 4 52 
11 122824 2 12    52 38 29 52 
12 190000 2 2    52 21 33 52 
13 235394 3 18    52 44 20 8 52 
14 262222 2 16    52 22 35 52 
15 180651 2 20    52 48 34 52 
16 265602 2 3    52 43 16 52 
17 262803 3 5    52 7 41 31 52 
18 314589 3 13    52 19 32 42 52 
19 297612 4 38    53 12 11 1 10 53 
BEST COST= 4804600    RUN TIME= 0    TOTAL VEHICLES= 20