0 195602 3 18    50 20 0 25 50 
1 340128 4 27    50 5 13 22 45 50 
2 229327 3 14    50 10 47 21 50 
3 295199 3 24    50 28 48 11 50 
4 144031 2 10    50 7 16 50 
5 180623 2 10    50 33 29 50 
6 235967 3 16    52 49 8 32 52 
7 144722 2 16    52 17 39 52 
8 117523 2 8    52 40 15 52 
9 162666 2 6    52 46 14 52 
10 142426 2 3    52 1 26 52 
11 220416 2 9    52 18 30 52 
12 50990 1 8    52 37 52 
13 213502 2 12    52 19 31 52 
14 64031 1 1    52 23 52 
15 250544 2 12    52 36 4 52 
16 140000 4 21    55 9 42 24 12 55 
17 164538 3 14    55 43 44 34 55 
18 287712 4 30    55 27 35 6 38 55 
19 201935 3 15    55 41 3 2 55 
BEST COST= 3781882    RUN TIME= 0    TOTAL VEHICLES= 20