0 258016 4 19    50 11 13 32 30 50 
1 187648 2 16    51 31 2 51 
2 203693 2 10    51 37 22 51 
3 225457 2 2    51 16 45 51 
4 268413 2 14    51 9 12 51 
5 161556 2 20    51 17 28 51 
6 259052 3 17    51 36 43 8 51 
7 246908 2 3    51 26 38 51 
8 279463 2 9    51 42 19 51 
9 184721 2 8    51 35 39 51 
10 212133 2 9    51 14 20 51 
11 265115 2 14    51 40 10 51 
12 174340 2 16    52 29 27 52 
13 163085 2 16    52 44 23 52 
14 317842 3 15    52 25 49 0 52 
15 247163 4 25    54 21 4 1 48 54 
16 340027 3 7    55 33 24 5 55 
17 285646 3 20    55 18 47 6 55 
18 226478 3 28    55 46 15 41 55 
19 248310 3 6    55 7 34 3 55 
BEST COST= 4755066    RUN TIME= 0    TOTAL VEHICLES= 20