0 442734 5 139    76 10 65 39 13 71 76 
1 335218 5 140    77 3 66 8 27 19 77 
2 615475 5 138    78 20 31 63 23 32 78 
3 807307 6 140    79 45 1 9 55 30 34 79 
4 1085110 7 140    76 37 58 29 49 52 4 48 76 
5 646424 7 140    77 44 57 16 47 74 5 15 77 
6 1069877 8 140    79 33 46 51 0 25 42 61 2 79 
7 1088259 9 140    76 26 43 7 11 38 53 6 18 12 76 
8 2441144 11 138    79 40 60 24 36 56 17 28 59 21 35 70 79 
9 2627290 12 109    76 50 41 62 69 67 73 64 14 68 54 22 72 76 
10 0 0 0    76 76 
BEST COST= 11158838    RUN TIME= 0    TOTAL VEHICLES= 11