0 149521 3 100    100 84 47 12 100 
1 235912 3 100    101 67 85 22 101 
2 455686 4 100    100 38 48 58 20 100 
3 186020 4 100    101 30 46 93 3 101 
4 331050 4 100    100 4 80 86 92 100 
5 642361 5 100    101 65 66 71 31 16 101 
6 611054 5 100    100 78 29 13 64 8 100 
7 748034 6 100    101 94 11 15 61 21 6 101 
8 692868 6 100    100 43 53 57 74 18 32 100 
9 811863 7 100    101 25 99 9 26 27 37 54 101 
10 935638 7 100    101 44 81 70 88 33 52 0 101 
11 792939 8 100    101 76 2 49 60 75 10 17 50 101 
12 1952648 11 100    101 96 82 95 62 97 7 19 28 39 51 45 101 
13 3979063 14 100    101 63 72 87 98 14 34 36 73 1 42 56 83 5 90 101 
14 3450766 13 58    101 24 55 68 79 35 40 41 69 23 59 77 89 91 101 
BEST COST= 15975423    RUN TIME= 0    TOTAL VEHICLES= 15