0 189876 7 99    100 90 15 85 16 44 5 12 100 
1 144878 7 100    100 84 60 4 83 59 7 45 100 
2 161585 5 94    100 99 43 37 93 27 100 
3 157635 9 95    100 97 36 91 96 94 95 98 82 17 100 
4 174943 6 97    101 3 54 24 38 66 52 101 
5 139123 6 95    101 20 39 25 11 67 23 101 
6 179827 6 91    101 71 55 53 79 2 78 101 
7 192683 6 85    101 72 1 86 56 42 22 101 
8 179815 7 82    101 73 74 21 40 14 41 13 101 
9 269259 7 88    102 69 50 8 70 64 28 75 102 
10 198002 6 99    102 30 61 10 46 35 51 102 
11 180696 5 94    102 9 89 31 48 92 102 
12 180591 5 93    102 29 19 65 62 58 102 
13 219275 6 93    102 68 26 49 76 80 57 102 
14 227785 6 61    102 0 32 77 33 34 88 102 
15 161518 6 92    102 87 6 81 47 18 63 102 
BEST COST= 2957491    RUN TIME= 0    TOTAL VEHICLES= 16