0 131320 3 100    100 84 47 12 100 
1 177160 3 100    101 67 85 22 101 
2 455686 4 100    102 38 48 58 20 102 
3 186020 4 100    103 30 46 93 3 103 
4 402850 4 100    101 4 80 86 92 101 
5 781821 5 100    102 65 66 71 31 16 102 
6 543464 5 100    103 78 29 13 64 8 103 
7 772610 6 100    101 94 11 15 61 21 6 101 
8 692868 6 100    102 43 53 57 74 18 32 102 
9 811863 7 100    103 25 99 9 26 27 37 54 103 
10 1059587 7 100    101 44 81 70 88 33 52 0 101 
11 872083 8 100    102 76 2 49 60 75 10 17 50 102 
12 1952648 11 100    103 96 82 95 62 97 7 19 28 39 51 45 103 
13 4354347 14 100    102 63 72 87 98 14 34 36 73 1 42 56 83 5 90 102 
14 3450766 13 58    103 24 55 68 79 35 40 41 69 23 59 77 89 91 103 
15 0 0 0    103 103 
BEST COST= 16645093    RUN TIME= 0    TOTAL VEHICLES= 16