0 656332 8 499    249 162 72 53 136 172 205 219 88 249 
1 800503 12 497    249 223 81 234 10 213 202 237 9 41 79 46 16 249 
2 819330 11 487    249 63 100 113 147 25 8 152 120 105 82 132 249 
3 1564423 11 440    249 68 203 206 29 17 123 129 35 188 247 243 249 
4 748127 9 496    249 124 1 169 57 182 64 227 52 232 249 
5 1049864 11 489    249 176 61 156 224 240 130 192 194 26 111 109 249 
6 972535 11 500    249 236 121 38 101 14 218 58 66 50 167 196 249 
7 951716 11 497    249 248 42 222 37 241 55 112 102 54 31 166 249 
8 917825 10 492    250 207 27 94 33 86 153 154 201 138 70 250 
9 1065806 10 466    250 198 221 84 168 51 175 174 65 56 12 250 
10 832100 9 495    250 245 139 171 71 184 78 4 128 149 250 
11 1061258 9 469    250 151 155 181 34 118 87 246 195 170 250 
12 942745 10 486    250 199 160 44 13 97 116 209 19 96 134 250 
13 975057 10 499    250 24 103 125 212 7 189 145 83 74 200 250 
14 1161703 11 497    250 43 36 164 242 15 2 117 165 11 89 32 250 
15 1210864 8 457    250 179 163 114 137 141 210 48 229 250 
16 1004126 9 485    250 62 143 183 217 238 187 75 107 131 250 
17 1073719 9 500    250 21 5 180 161 135 77 39 126 133 250 
18 1266785 11 486    250 215 92 186 76 211 106 239 142 173 122 3 250 
19 1134522 9 495    250 140 73 214 95 197 190 18 230 85 250 
20 1004900 10 499    250 178 127 47 235 91 177 40 28 225 193 250 
21 1174723 11 464    250 159 80 99 144 208 98 69 231 228 0 60 250 
22 919910 10 479    250 119 22 110 104 226 108 59 157 158 146 250 
23 1083252 9 451    250 6 185 20 233 67 204 30 220 216 250 
24 1118888 10 481    250 45 90 49 244 93 150 148 191 115 23 250 
BEST COST= 25511013    RUN TIME= 0    TOTAL VEHICLES= 25