0 773538 10 491    249 110 43 36 5 242 15 2 117 236 61 249 
1 890082 8 407    249 195 13 116 226 50 146 174 51 249 
2 1056342 10 416    249 235 221 164 168 74 58 66 31 23 90 249 
3 856565 10 499    249 22 127 178 199 62 179 155 238 49 73 249 
4 717256 10 500    249 91 177 209 40 108 109 157 158 77 46 249 
5 927782 9 500    249 173 239 106 44 186 160 45 246 38 249 
6 894408 9 488    249 47 142 97 211 76 87 93 148 122 249 
7 883760 10 494    249 104 131 96 28 19 59 133 126 39 134 249 
8 811244 10 493    249 84 170 180 161 218 232 135 225 16 83 249 
9 1001807 11 441    249 119 21 198 207 245 6 140 214 7 189 156 249 
10 745438 10 494    250 113 124 63 162 68 176 203 53 11 125 250 
11 764755 11 495    250 100 202 213 130 234 224 222 121 101 175 111 250 
12 1072990 10 500    250 147 8 12 41 193 102 54 200 37 241 250 
13 963977 11 498    250 192 56 10 240 9 196 79 65 167 248 219 250 
14 709795 9 500    250 169 57 149 35 188 120 105 26 115 250 
15 1066935 11 441    250 25 229 152 247 88 166 237 55 112 42 17 250 
16 917843 11 482    250 1 194 216 82 205 227 123 136 29 72 95 250 
17 738690 8 491    251 233 204 220 128 60 48 64 212 251 
18 940139 10 424    251 32 18 78 4 132 210 89 30 165 223 251 
19 684053 9 497    251 137 144 3 80 71 184 206 197 172 251 
20 913882 10 476    251 208 243 107 154 153 187 27 118 150 92 251 
21 993277 10 500    251 20 185 171 139 159 151 215 143 191 145 251 
22 1035636 8 480    251 98 69 231 201 190 163 103 244 251 
23 948007 7 307    251 141 70 0 129 52 182 81 251 
24 965658 8 300    251 67 230 138 228 75 94 24 14 251 
25 783418 9 492    251 99 114 86 33 181 34 183 217 85 251 
BEST COST= 23057277    RUN TIME= 0    TOTAL VEHICLES= 26