0 939925 9 498    249 110 221 84 242 122 7 192 216 64 249 
1 839517 9 421    249 195 142 13 44 92 45 150 226 19 249 
2 931637 10 497    249 235 119 36 5 15 2 117 111 206 137 249 
3 1025684 9 314    249 22 43 140 103 73 171 20 67 156 249 
4 861612 10 500    249 91 177 209 40 59 157 58 51 61 125 249 
5 882458 8 500    249 173 116 239 106 186 215 144 234 249 
6 991510 10 488    249 47 127 160 178 21 198 164 170 189 113 249 
7 890914 11 499    250 174 55 241 37 38 83 134 236 176 223 172 250 
8 808911 8 397    250 77 200 50 133 28 109 97 182 250 
9 1096316 7 397    250 16 158 108 104 224 10 81 250 
10 897818 8 487    250 23 39 126 102 237 248 162 149 250 
11 632053 10 495    250 54 167 112 193 196 9 213 56 12 166 250 
12 902314 10 482    250 31 66 96 131 180 168 218 14 240 146 250 
13 1010474 11 486    250 46 65 79 41 130 202 100 124 63 72 82 250 
14 804141 10 490    250 225 135 175 232 74 161 101 222 247 120 250 
15 1026693 10 496    251 238 181 94 86 75 107 243 201 210 165 251 
16 987227 9 379    251 34 33 187 3 153 154 230 138 57 251 
17 883223 9 471    251 191 155 151 207 24 115 212 163 185 251 
18 890402 10 452    251 143 179 62 199 245 159 6 139 214 42 251 
19 464624 8 500    251 183 244 93 85 148 246 76 90 251 
20 820827 8 409    251 118 217 49 87 211 27 99 208 251 
21 620464 11 500    252 26 194 1 169 147 25 8 152 188 105 205 252 
22 757163 11 494    253 78 18 184 71 32 233 98 69 114 80 70 253 
23 667101 11 491    253 190 29 17 136 53 203 197 95 68 145 121 253 
24 1071352 11 492    253 4 60 89 220 204 30 228 0 141 231 229 253 
25 956375 11 471    253 132 11 48 123 227 52 129 128 35 219 88 253 
BEST COST= 22660735    RUN TIME= 0    TOTAL VEHICLES= 26