0 539367 8 44    80 1 7 15 23 31 39 74 58 80 
1 408746 7 43    80 3 5 11 19 27 37 56 80 
2 555758 8 45    80 4 12 20 28 36 22 30 42 80 
3 572645 8 39    80 6 14 13 21 29 72 64 66 80 
4 615391 8 40    80 0 9 17 8 16 24 35 32 80 
5 463550 7 30    80 2 10 18 26 34 33 25 80 
6 459442 8 44    81 41 49 57 65 73 38 48 53 81 
7 569588 9 46    81 43 40 51 59 67 75 61 69 77 81 
8 583730 9 52    81 44 47 52 60 68 76 55 63 79 81 
9 500560 8 49    81 46 45 54 62 70 78 71 50 81 
BEST COST= 5268777    RUN TIME= 0    TOTAL VEHICLES= 10