0 1044807 9 55    160 1 9 17 8 16 32 14 28 93 160 
1 901465 9 45    160 3 0 11 19 27 24 30 31 39 160 
2 996224 10 54    160 4 12 2 10 18 25 33 36 141 149 160 
3 743999 8 60    160 7 6 5 13 35 73 65 40 160 
4 902503 11 60    161 41 42 49 57 48 56 64 72 37 21 22 161 
5 942991 10 49    161 43 51 59 67 75 61 53 63 109 103 161 
6 1008668 11 38    161 44 52 60 68 76 115 58 66 112 38 29 161 
7 844108 10 58    161 46 47 55 54 62 70 78 69 77 50 161 
8 921260 11 59    162 81 80 89 97 105 113 158 150 90 95 119 162 
9 971822 11 58    162 83 85 91 99 107 88 96 104 157 74 98 162 
10 845208 10 46    162 84 82 92 100 108 116 106 114 151 111 162 
11 957288 11 59    162 86 87 94 102 110 118 101 117 79 71 45 162 
12 813416 10 52    163 121 129 137 145 153 138 130 135 143 159 163 
13 952378 10 55    163 123 125 131 128 136 152 34 155 20 23 163 
14 815347 10 56    163 122 124 127 132 140 148 156 146 154 147 163 
15 825939 9 60    163 126 134 142 133 139 120 144 26 15 163 
BEST COST= 14487423    RUN TIME= 0    TOTAL VEHICLES= 16