0 829858 10 57    240 0 1 2 10 18 34 239 231 223 198 240 
1 752212 10 47    240 6 3 11 19 27 35 21 29 37 38 240 
2 827948 9 60    240 4 12 15 14 5 9 33 26 197 240 
3 632238 9 60    241 41 49 42 50 58 66 39 157 7 241 
4 830264 10 46    241 43 51 59 67 75 56 64 72 13 16 241 
5 711083 10 46    241 44 52 60 55 63 71 79 117 109 101 241 
6 801026 10 48    241 46 47 54 62 70 78 61 69 77 68 241 
7 750438 9 49    241 45 40 48 57 65 73 30 22 17 241 
8 750245 9 45    242 81 82 90 98 108 116 114 159 143 242 
9 721635 10 37    242 83 91 99 107 115 96 104 112 74 31 242 
10 825034 9 56    242 84 92 100 95 103 111 93 88 149 242 
11 883455 9 49    242 86 87 94 102 110 118 119 76 53 242 
12 814556 10 46    242 85 80 89 97 105 113 158 150 106 151 242 
13 667802 9 58    243 121 129 120 128 136 139 147 141 142 243 
14 593852 9 60    243 126 125 123 131 155 36 28 20 8 243 
15 779740 10 58    243 124 127 134 135 132 140 148 156 146 154 243 
16 788624 10 48    244 161 162 169 177 185 193 178 186 194 191 244 
17 863911 10 51    244 163 171 179 187 195 182 190 145 137 122 244 
18 807954 10 52    244 164 172 180 188 196 175 183 199 138 130 244 
19 674885 9 57    244 166 167 174 173 181 189 152 144 133 244 
20 1020346 11 56    244 165 160 168 176 184 192 234 226 218 210 230 244 
21 753454 9 50    245 201 200 209 217 225 233 224 232 170 245 
22 721962 9 52    245 203 211 219 227 235 216 208 202 153 245 
23 780280 10 49    245 204 212 220 228 236 215 214 222 238 237 245 
24 854004 10 59    245 207 206 205 213 221 229 32 24 25 23 245 
BEST COST= 19436806    RUN TIME= 0    TOTAL VEHICLES= 25