0 1053195 11 56    360 1 9 17 25 33 238 230 206 18 147 134 360 
1 1019816 10 60    360 2 0 3 11 19 35 21 64 56 112 360 
2 648576 9 60    360 6 7 4 12 10 28 36 155 138 360 
3 982725 12 60    361 41 40 49 57 65 73 38 30 22 5 39 157 361 
4 1059575 11 57    361 43 51 59 67 75 356 53 62 55 50 319 361 
5 1133421 11 60    361 44 47 46 54 70 78 77 359 335 358 347 361 
6 1044296 12 59    362 81 89 97 105 113 158 150 142 135 114 90 95 362 
7 924643 10 59    362 83 85 93 101 109 79 71 63 69 325 362 
8 1015818 10 58    362 84 87 92 100 108 116 103 111 117 327 362 
9 968831 9 42    362 86 94 102 110 118 119 88 66 58 362 
10 990141 11 59    362 80 91 99 107 76 68 60 52 42 31 96 362 
11 1163277 11 60    363 122 121 120 128 136 144 34 26 139 104 115 363 
12 416298 7 60    363 127 126 123 131 133 141 20 363 
13 1326609 12 60    363 124 132 140 148 156 143 151 159 106 98 82 169 363 
14 1136353 10 56    364 161 162 170 178 186 194 196 171 179 23 364 
15 1074223 10 59    364 163 165 173 182 153 145 137 125 149 24 364 
16 1059822 12 60    364 164 172 180 188 175 183 191 199 154 146 130 129 364 
17 1059330 11 50    364 166 167 174 190 198 189 197 152 239 231 210 364 
18 1338622 11 57    364 160 168 176 184 192 234 226 185 193 207 200 364 
19 1161538 12 50    365 201 209 217 225 233 208 227 235 276 268 249 273 365 
20 1367292 12 60    365 203 211 219 213 221 229 237 32 222 215 181 177 365 
21 927874 11 58    365 204 212 220 228 236 195 187 223 214 205 216 365 
22 359199 6 60    366 241 242 247 255 263 202 366 
23 1050476 10 43    366 243 251 248 256 264 272 275 257 265 274 366 
24 985381 10 53    366 244 252 260 250 258 266 232 224 218 8 366 
25 933624 12 57    366 246 245 254 262 270 278 313 305 297 289 271 279 366 
26 1178436 11 58    366 240 259 267 253 261 269 277 312 296 285 294 366 
27 954788 10 59    367 281 282 290 298 306 314 308 295 293 309 367 
28 1155084 11 59    367 283 280 291 299 307 315 301 317 352 311 45 367 
29 987578 10 60    367 284 292 300 316 27 13 14 15 74 48 367 
30 1045152 12 60    368 321 329 337 345 353 318 310 302 286 288 304 16 368 
31 1163585 11 58    368 323 320 331 339 333 341 349 357 336 344 37 368 
32 1118657 12 60    368 324 332 340 348 330 338 346 354 72 29 303 287 368 
33 1106543 10 57    368 326 334 342 350 343 351 61 322 328 355 368 
BEST COST= 34910778    RUN TIME= 0    TOTAL VEHICLES= 34