0 902732 10 50    360 1 9 17 25 33 238 24 16 15 134 360 
1 858295 10 58    360 5 3 0 11 19 35 21 29 64 73 360 
2 856178 10 53    360 4 7 12 10 18 26 239 197 153 138 360 
3 1038106 12 54    361 41 42 50 58 66 74 39 31 23 22 30 65 361 
4 891060 10 53    361 43 51 59 67 53 61 69 55 63 76 361 
5 775289 9 48    361 44 47 52 60 68 115 101 118 57 361 
6 915639 10 53    361 46 45 54 62 70 78 77 359 56 49 361 
7 655885 9 60    362 81 82 90 98 106 114 159 127 130 362 
8 976722 11 59    362 83 85 91 99 107 88 96 104 149 158 142 362 
9 945011 10 52    362 84 87 92 100 108 116 111 93 117 71 362 
10 786309 9 42    362 86 94 102 110 95 103 119 109 79 362 
11 1021186 10 55    362 80 89 97 105 113 150 151 125 141 128 362 
12 892315 9 58    363 121 129 120 139 133 135 143 157 112 363 
13 1062802 11 59    363 126 123 131 147 155 36 28 20 2 38 263 363 
14 947214 11 55    363 124 122 132 140 148 156 146 154 199 175 182 363 
15 798112 10 44    364 161 169 177 185 193 170 178 186 194 191 364 
16 826829 10 48    364 163 165 171 179 187 195 236 231 190 137 364 
17 861892 10 40    364 164 172 180 188 196 183 198 145 136 144 364 
18 903582 10 57    364 166 167 174 173 181 189 152 34 215 279 364 
19 762381 8 56    364 162 160 168 176 184 226 208 255 364 
20 783730 10 57    365 206 201 200 209 217 225 233 218 234 192 365 
21 1005474 11 58    365 203 211 219 227 235 276 213 222 230 8 14 365 
22 879918 10 57    365 204 212 220 228 223 214 205 221 229 32 365 
23 885454 10 54    366 241 249 257 265 273 274 224 216 202 210 366 
24 930215 9 59    366 243 251 248 256 264 272 253 261 207 366 
25 878207 10 59    366 247 244 242 250 258 266 232 268 260 271 366 
26 999398 12 59    366 246 254 262 270 278 313 305 297 289 288 314 252 366 
27 965457 10 41    366 245 240 259 267 275 269 277 312 304 296 366 
28 968152 10 58    367 280 281 282 290 298 306 237 308 303 318 367 
29 518994 9 60    367 286 294 285 283 291 299 307 315 317 367 
30 918272 10 52    367 284 287 292 300 316 27 13 37 311 310 367 
31 740323 9 60    368 321 322 330 340 348 75 48 40 319 368 
32 990717 11 56    368 323 325 331 339 347 333 341 349 357 355 345 368 
33 896321 9 49    368 324 332 335 356 338 346 354 72 6 368 
34 1040459 11 58    368 326 327 334 342 350 358 343 351 329 337 353 368 
35 843562 10 53    368 320 328 336 344 352 309 301 293 302 295 368 
BEST COST= 31922192    RUN TIME= 0    TOTAL VEHICLES= 36