0 976044 16 186    144 90 44 86 108 106 38 70 94 0 131 12 109 118 68 39 72 144 
1 1144645 15 188    144 61 25 16 132 79 2 120 87 51 126 9 11 34 27 142 144 
2 1133699 12 135    145 116 7 55 82 124 33 110 35 56 134 10 138 145 
3 1236095 12 116    145 36 50 45 107 77 128 13 111 49 71 104 83 145 
4 1253881 10 136    145 3 24 125 92 53 97 48 54 66 58 145 
5 1171815 13 156    145 74 5 67 57 21 17 122 127 32 119 115 95 137 145 
6 1141690 12 150    145 23 69 78 18 140 73 99 100 114 60 84 4 145 
7 1062951 12 161    146 123 43 41 37 19 102 113 26 143 40 105 65 146 
8 1271220 13 181    146 93 1 141 130 8 139 88 46 135 59 30 117 42 146 
9 840274 14 189    146 129 98 22 121 80 31 101 47 96 63 136 76 29 75 146 
10 1089529 15 190    147 91 14 62 103 15 85 20 64 28 81 52 89 6 133 112 147 
BEST COST= 12321843    RUN TIME= 0    TOTAL VEHICLES= 11