0 515000 11 185    192 147 11 151 164 88 173 175 79 59 1 29 192 
1 1381347 16 181    193 136 156 144 127 58 128 132 148 72 107 115 182 45 134 185 10 193 
2 1538421 14 177    193 122 172 69 12 71 24 109 141 121 56 171 34 20 90 193 
3 1308418 14 184    193 187 37 2 57 177 124 78 106 110 54 158 84 161 166 193 
4 1145510 17 181    195 143 162 111 142 163 87 100 32 170 114 76 97 167 186 159 51 39 195 
5 1552190 15 182    195 93 168 25 101 183 102 178 165 74 120 137 65 105 92 63 195 
6 1543431 13 179    195 174 16 91 77 145 47 176 8 103 81 130 80 15 195 
7 1251276 12 182    195 7 36 118 22 119 85 0 104 19 23 49 149 195 
8 1408828 13 142    195 40 83 135 53 113 42 190 125 70 98 35 133 38 195 
9 1448728 14 165    195 123 95 99 150 181 68 21 61 33 129 108 18 96 154 195 
10 1481527 14 165    195 82 27 28 5 155 60 41 140 116 94 191 180 117 9 195 
11 903983 13 185    195 48 89 152 188 14 66 55 31 64 4 75 73 6 195 
12 958914 13 184    195 62 17 160 67 179 153 26 112 189 13 138 46 131 195 
13 1190378 13 185    195 43 184 86 44 169 157 3 50 139 30 146 52 126 195 
BEST COST= 17627951    RUN TIME= 0    TOTAL VEHICLES= 14