0 739385 13 178    240 141 101 187 147 164 140 35 66 49 163 175 69 75 240 
1 954534 11 175    240 192 83 159 20 167 183 199 18 230 238 73 240 
2 1036697 12 178    240 156 14 74 153 50 89 222 208 116 154 58 7 240 
3 602647 11 179    240 80 132 213 124 3 128 38 93 21 227 87 240 
4 569282 12 179    240 202 19 79 28 150 100 99 36 205 191 221 88 240 
5 1341129 15 168    240 157 210 209 172 64 91 57 219 85 70 16 25 133 6 23 240 
6 1367135 15 179    240 54 176 196 134 229 180 171 81 194 5 44 40 37 76 179 240 
7 1256520 12 176    240 90 32 130 193 113 0 15 43 225 224 33 146 240 
8 965999 12 178    240 160 149 148 115 82 27 34 120 197 135 13 67 240 
9 1075329 10 177    240 10 188 59 56 47 60 158 108 109 129 240 
10 1513202 13 153    240 234 186 212 211 131 114 123 223 95 103 77 92 217 240 
11 705110 13 179    240 216 182 104 226 78 152 84 181 173 48 231 1 177 240 
12 466082 14 180    241 29 161 206 105 63 201 165 117 145 61 138 139 24 125 241 
13 413440 11 179    242 169 31 8 189 65 72 184 111 102 185 198 242 
14 1216725 13 179    242 4 11 9 204 12 110 170 235 190 166 136 26 39 242 
15 693074 12 180    242 144 107 174 2 106 155 137 41 119 52 30 218 242 
16 706058 14 178    243 237 143 118 162 62 22 195 228 126 232 215 51 45 94 243 
17 643224 13 178    243 142 71 122 203 239 207 127 86 112 96 233 168 151 243 
18 597153 14 178    243 17 53 55 220 200 42 236 98 178 121 214 46 97 68 243 
BEST COST= 16862725    RUN TIME= 0    TOTAL VEHICLES= 19