0 808268 14 161    288 179 38 76 276 252 189 124 167 144 208 22 238 206 24 288 
1 468969 12 175    288 85 284 159 264 71 199 7 89 111 146 247 135 288 
2 788195 13 137    288 280 263 171 59 27 217 250 184 43 116 151 262 58 288 
3 726613 14 167    289 37 16 145 99 2 268 254 183 66 119 185 42 257 274 289 
4 654205 12 166    289 155 110 246 241 230 261 259 282 114 69 157 221 289 
5 768864 14 155    289 244 203 53 216 283 52 232 3 78 30 31 47 141 193 289 
6 659596 11 139    289 178 108 152 134 74 143 279 202 60 55 132 289 
7 685748 11 141    289 220 14 4 26 234 91 84 70 88 239 50 289 
8 822652 12 140    289 281 271 287 201 164 186 34 192 256 23 156 275 289 
9 776513 12 172    289 176 113 147 197 81 17 39 82 154 226 9 223 289 
10 738535 12 175    289 65 100 57 267 175 117 10 48 253 172 170 103 289 
11 765866 13 170    290 97 269 86 73 136 260 272 149 19 104 285 46 160 290 
12 666802 10 100    290 105 83 75 77 215 242 204 67 130 265 290 
13 626255 10 169    290 18 174 278 126 187 248 219 40 212 109 290 
14 711787 10 163    290 251 128 13 115 90 286 79 102 168 118 290 
15 826027 14 170    290 101 245 162 107 11 20 44 21 163 92 5 213 131 218 290 
16 751182 13 172    290 227 80 214 181 277 142 196 33 148 158 211 41 139 290 
17 778956 14 152    290 194 195 161 240 45 51 258 224 198 188 140 191 153 207 290 
18 694472 12 175    290 138 166 32 29 120 127 121 229 123 270 36 68 290 
19 782380 14 172    290 266 165 87 129 209 94 15 28 35 122 25 177 8 200 290 
20 787876 14 167    291 180 190 222 235 150 12 112 72 173 62 133 243 6 137 291 
21 476370 13 173    291 63 236 1 95 125 61 56 169 182 49 205 93 225 291 
22 857988 14 160    291 210 231 106 273 64 249 233 96 237 228 54 98 255 0 291 
BEST COST= 16624119    RUN TIME= 0    TOTAL VEHICLES= 23