0 993406 12 185    144 39 126 113 46 65 38 92 140 77 129 130 115 144 
1 1033862 12 161    144 128 139 108 52 121 6 72 83 79 56 81 54 144 
2 903523 12 161    144 27 101 100 95 24 62 9 34 49 22 50 17 144 
3 857139 12 166    146 90 32 44 67 107 138 133 120 118 48 119 105 146 
4 953585 10 122    147 18 2 141 25 109 3 117 102 127 143 147 
5 941169 12 147    147 131 89 7 37 15 21 112 60 11 8 142 1 147 
6 954589 13 137    147 64 4 76 124 14 45 58 43 114 96 73 103 41 147 
7 665547 11 188    148 137 111 13 104 66 69 78 116 5 55 47 148 
8 885375 12 190    148 82 106 135 40 91 42 80 97 19 26 28 132 148 
9 798499 14 187    148 20 35 51 123 99 57 59 93 88 85 94 29 30 136 148 
10 1055018 12 179    148 63 84 0 75 31 61 86 87 125 68 33 74 148 
11 753826 12 183    149 53 71 98 70 16 110 10 12 122 23 134 36 149 
BEST COST= 10795538    RUN TIME= 0    TOTAL VEHICLES= 12