0 823845 14 172    216 66 149 58 179 109 63 46 78 57 2 1 102 60 159 216 
1 753497 12 96    218 148 10 208 123 161 40 5 94 87 81 167 165 218 
2 772719 10 166    218 3 119 22 213 129 19 14 59 23 88 218 
3 875826 14 161    218 176 67 118 29 189 85 171 28 122 35 41 137 64 86 218 
4 764711 12 178    218 134 103 162 198 62 125 157 139 166 104 55 124 218 
5 749842 11 166    218 201 170 25 11 136 185 193 204 93 197 209 218 
6 911273 12 158    218 151 114 79 51 44 105 54 128 212 65 27 61 218 
7 718236 11 157    218 42 142 0 17 76 31 140 13 146 77 38 218 
8 871579 14 134    219 173 168 12 160 190 215 100 152 80 8 163 18 211 181 219 
9 839642 14 148    219 138 145 183 143 97 37 141 192 99 98 111 69 158 90 219 
10 680853 12 180    219 150 132 82 156 36 177 191 89 26 53 71 84 219 
11 670849 14 179    220 214 169 130 4 72 107 15 117 188 75 34 127 6 39 220 
12 844808 13 173    220 50 196 206 186 112 126 120 121 108 147 101 83 68 220 
13 785730 14 180    220 113 70 47 144 133 182 174 135 172 131 33 195 49 116 220 
14 632930 11 180    220 200 199 73 56 207 48 194 106 30 20 91 220 
15 665047 13 167    220 180 74 115 154 96 164 95 7 16 43 184 21 92 220 
16 846352 15 141    221 178 187 203 205 153 110 175 52 202 45 210 32 24 155 9 221 
BEST COST= 13207739    RUN TIME= 0    TOTAL VEHICLES= 17