0 787127 12 167    288 245 13 53 122 174 137 265 279 69 194 57 52 288 
1 730576 12 166    288 61 243 262 264 64 102 188 237 277 115 206 16 288 
2 761430 13 168    288 39 97 121 159 117 232 99 107 250 200 31 133 195 288 
3 1137266 13 157    288 79 82 145 54 103 23 196 186 66 216 106 18 276 288 
4 788604 14 169    288 46 51 163 25 153 239 22 12 287 267 50 156 259 234 288 
5 894556 11 146    288 205 63 49 228 134 112 32 81 209 56 208 288 
6 687600 16 170    290 28 105 138 198 169 211 177 210 190 240 38 10 203 223 161 29 290 
7 835529 12 166    290 144 261 141 146 35 235 95 233 271 255 14 284 290 
8 875112 9 119    291 256 7 227 2 119 98 131 101 150 291 
9 1107652 13 170    291 126 217 213 185 72 44 4 197 251 182 62 165 21 291 
10 774168 13 170    291 96 263 152 258 248 34 85 275 9 92 176 47 280 291 
11 768608 12 170    291 266 225 118 179 231 27 19 274 86 160 253 192 291 
12 923936 9 113    291 24 123 268 269 272 193 124 166 76 291 
13 579857 10 170    291 65 180 204 48 68 93 90 155 244 238 291 
14 1090952 12 167    291 113 212 167 286 175 148 84 222 260 191 91 75 291 
15 791195 14 170    291 220 60 201 108 114 184 45 130 0 41 42 125 273 164 291 
16 760746 10 162    291 218 283 224 139 36 116 17 142 278 59 291 
17 986907 12 167    291 162 30 226 132 252 109 26 37 71 33 140 183 291 
18 1022062 11 145    291 246 215 230 135 11 89 43 87 100 149 128 291 
19 851449 11 154    291 158 282 270 171 136 77 40 110 147 80 178 291 
20 711476 13 161    292 78 157 151 127 202 242 229 120 236 67 55 129 219 292 
21 824493 11 170    292 5 15 154 70 6 58 281 104 249 73 94 292 
22 750817 14 163    292 257 1 247 20 207 285 221 241 214 199 173 88 168 254 292 
23 477114 11 170    293 111 74 8 83 170 143 172 189 187 3 181 293 
BEST COST= 19919232    RUN TIME= 0    TOTAL VEHICLES= 24