0 29692 2 37    50 3 24 50 
1 26634 2 13    50 16 14 50 
2 30428 2 16    50 18 39 50 
3 10050 1 13    50 41 50 
4 10440 1 27    50 40 50 
5 32656 2 26    50 43 44 50 
6 12166 1 9    50 36 50 
7 13000 1 25    50 46 50 
8 13342 1 41    50 17 50 
9 15811 1 23    50 12 50 
10 33900 2 12    51 45 25 51 
11 32643 2 31    51 26 22 51 
12 57355 2 40    51 11 42 51 
13 37464 2 35    51 31 7 51 
14 36732 2 25    51 5 23 51 
15 12042 1 19    51 10 51 
16 44784 2 18    51 0 30 51 
17 14142 1 21    51 4 51 
18 15811 1 15    51 37 51 
19 42936 2 36    51 47 6 51 
20 18111 1 21    51 13 51 
21 20809 1 8    51 21 51 
22 21024 1 30    51 1 51 
23 23767 2 41    52 48 32 52 
24 26525 2 25    52 8 38 52 
25 8544 1 19    52 29 52 
26 9055 1 5    52 9 52 
27 9220 1 10    52 49 52 
28 29863 2 20    53 28 27 53 
29 8246 1 8    53 20 53 
30 29618 2 34    53 19 35 53 
31 12042 1 15    53 15 53 
32 13153 1 17    53 34 53 
33 16125 1 16    53 2 53 
34 17029 1 26    53 33 53 
BEST COST= 785159    RUN TIME= 0    TOTAL VEHICLES= 35