0 6000 1 9    50 3 50 
1 7616 1 3    50 16 50 
2 51666 2 16    50 39 18 50 
3 10050 1 13    50 41 50 
4 41056 2 50    50 12 40 50 
5 53238 2 26    50 44 43 50 
6 40195 2 19    50 14 36 50 
7 13000 1 25    50 46 50 
8 55588 2 69    50 24 17 50 
9 56446 2 26    51 13 45 51 
10 60689 2 31    51 22 26 51 
11 110541 2 40    51 42 11 51 
12 80917 2 19    51 25 31 51 
13 64048 2 25    51 23 5 51 
14 53645 2 36    51 47 10 51 
15 55708 2 30    51 7 0 51 
16 14142 1 21    51 4 51 
17 92438 2 34    51 6 37 51 
18 2828 1 18    52 48 52 
19 3606 1 11    52 8 52 
20 8544 1 19    52 29 52 
21 52875 2 28    52 32 9 52 
22 9220 1 10    52 49 52 
23 11180 1 15    52 15 52 
24 11402 1 26    52 33 52 
25 16971 1 8    52 20 52 
26 17493 1 14    52 38 52 
27 2828 1 6    53 28 53 
28 8544 1 28    53 19 53 
29 11045 1 30    53 1 53 
30 13153 1 17    53 34 53 
31 16125 1 16    53 2 53 
32 19235 1 6    53 35 53 
33 19313 1 8    53 21 53 
34 65991 2 25    53 30 27 53 
BEST COST= 1157336    RUN TIME= 0