0 30635 3 51    75 74 5 50 75 
1 57040 3 79    75 66 16 8 75 
2 38968 3 67    75 25 11 39 75 
3 18400 2 49    76 47 27 76 
4 22398 2 25    76 28 12 76 
5 23300 2 43    76 4 19 76 
6 25000 2 27    76 46 68 76 
7 26000 2 40    76 44 33 76 
8 24726 2 32    76 29 67 76 
9 10198 1 10    76 73 76 
10 44195 2 39    76 20 69 76 
11 28575 2 22    76 14 56 76 
12 36119 2 27    76 36 59 76 
13 32369 2 15    76 35 70 76 
14 30123 2 36    76 26 51 76 
15 13928 1 30    76 3 76 
16 14560 1 26    76 1 76 
17 44626 3 57    77 52 64 9 77 
18 28028 2 31    77 34 57 77 
19 36503 2 31    77 6 38 77 
20 25190 2 55    77 13 58 77 
21 28400 2 31    77 18 53 77 
22 45000 2 17    77 7 71 77 
23 27280 2 74    77 10 65 77 
24 46070 2 49    77 37 30 77 
25 13601 1 27    77 45 77 
26 58594 3 31    78 2 17 54 78 
27 58775 4 81    78 43 31 49 24 78 
28 36290 3 34    79 0 62 48 79 
29 48485 3 51    79 42 22 23 79 
30 24620 2 39    79 41 63 79 
31 21223 2 33    79 72 32 79 
32 27088 2 41    79 40 55 79 
33 30647 2 27    79 21 60 79 
34 38358 2 37    79 61 15 79 
BEST COST= 1115312    RUN TIME= 0    TOTAL VEHICLES= 35