0 77993 2 38    100 38 1 100 
1 121674 3 39    100 53 23 57 100 
2 78929 3 59    100 25 11 12 100 
3 85495 2 15    100 24 39 100 
4 139372 5 69    100 97 90 15 60 86 100 
5 88336 3 23    100 36 14 56 100 
6 49692 2 15    100 55 72 100 
7 95336 3 32    100 3 54 20 100 
8 115055 3 48    100 13 37 96 100 
9 116331 5 88    100 95 98 92 4 94 100 
10 105673 3 56    100 79 67 52 100 
11 114923 3 32    100 59 16 93 100 
12 110702 3 68    100 74 66 71 100 
13 62042 2 37    100 22 73 100 
14 108780 3 55    100 43 85 91 100 
15 123946 4 81    100 58 84 42 41 100 
16 123136 3 19    100 83 7 5 100 
17 108396 3 40    100 99 40 21 100 
18 106300 2 11    101 35 68 101 
19 97946 2 57    101 48 30 101 
20 111368 2 30    101 64 0 101 
21 74661 2 30    101 65 69 101 
22 58323 2 26    101 18 87 101 
23 69242 2 52    101 47 26 101 
24 83937 3 37    101 17 81 51 101 
25 50719 2 26    101 62 9 101 
26 91932 3 41    101 32 19 29 101 
27 107231 3 50    101 78 33 49 101 
28 110663 3 40    101 10 63 61 101 
29 98838 3 45    101 80 77 27 101 
30 121088 3 33    101 46 45 6 101 
31 114343 3 33    101 70 34 50 101 
32 119710 4 49    101 76 2 28 75 101 
33 115419 3 42    101 8 31 89 101 
34 110442 3 42    101 82 44 88 101 
BEST COST= 3467973    RUN TIME= 0