0 62769 3 15    100 59 87 89 100 
1 85535 4 74    100 82 47 18 62 100 
2 100545 5 96    100 4 84 90 13 14 100 
3 54872 3 42    100 83 15 37 100 
4 52846 3 26    100 17 51 69 100 
5 71336 3 29    100 7 45 61 100 
6 41335 2 21    100 44 35 100 
7 71837 2 18    100 98 63 100 
8 78624 4 47    100 95 91 94 52 100 
9 52594 2 27    100 88 10 100 
10 87843 4 58    100 5 93 96 26 100 
11 48533 2 29    100 16 46 100 
12 62268 3 66    100 60 85 43 100 
13 85967 4 42    100 92 36 41 42 100 
14 70466 3 51    100 81 6 48 100 
15 77262 4 81    100 58 97 99 86 100 
16 24597 2 20    101 79 33 101 
17 50225 3 55    101 67 77 8 101 
18 65948 3 35    101 11 72 56 101 
19 72183 3 54    101 53 38 40 101 
20 70786 3 49    101 76 50 65 101 
21 61470 3 46    101 75 68 30 101 
22 73000 3 62    101 2 80 31 101 
23 53956 2 18    101 23 70 101 
24 73866 3 49    101 25 71 1 101 
25 57861 2 29    101 28 64 101 
26 44334 2 31    101 78 34 101 
27 51306 2 37    101 27 29 101 
28 71472 3 39    101 49 0 9 101 
29 47283 2 27    101 54 66 101 
30 65615 3 43    101 3 55 74 101 
31 49498 2 20    101 32 19 101 
32 85264 3 58    101 20 21 22 101 
33 56304 2 14    101 24 73 101 
34 68413 3 50    101 39 57 12 101 
BEST COST= 2248013    RUN TIME= 0    TOTAL VEHICLES= 35