0 72125 3 13    100 41 42 90 100 
1 103938 3 68    100 4 45 84 100 
2 94197 3 40    100 13 59 99 100 
3 93467 3 30    100 95 7 97 100 
4 70970 3 61    100 83 85 15 100 
5 67376 3 27    100 96 56 36 100 
6 110031 4 42    100 16 44 82 60 100 
7 106874 2 49    100 46 92 100 
8 46873 2 34    100 37 43 100 
9 105642 3 47    100 5 81 58 100 
10 78217 4 75    100 94 93 86 91 100 
11 85423 3 36    100 88 17 98 100 
12 88359 3 27    101 54 79 3 101 
13 55934 2 27    101 27 20 101 
14 91250 2 48    101 78 71 101 
15 73987 3 50    101 57 12 72 101 
16 77196 2 22    101 76 73 101 
17 44422 2 12    101 24 55 101 
18 40107 2 47    101 22 74 101 
19 85935 3 31    101 40 14 21 101 
20 73635 3 72    101 11 67 25 101 
21 80883 3 30    101 1 52 39 101 
22 92546 3 30    101 23 28 53 101 
23 55243 2 56    101 66 38 101 
24 90399 3 29    102 32 2 69 102 
25 89146 2 36    102 63 30 102 
26 75679 3 38    102 62 10 9 102 
27 124500 4 71    102 50 80 33 29 102 
28 67634 3 31    102 51 26 68 102 
29 125307 4 39    102 49 75 77 0 102 
30 137584 4 55    102 6 47 35 87 102 
31 106523 3 66    102 18 48 61 102 
32 102229 2 23    102 64 89 102 
33 105044 3 64    102 8 65 31 102 
34 108078 3 32    102 70 34 19 102 
BEST COST= 3026753    RUN TIME= 0