0 52481 4 30    100 59 98 5 88 100 
1 67328 4 93    100 82 81 47 48 100 
2 62174 4 79    100 4 92 60 43 100 
3 45386 3 61    100 83 15 85 100 
4 54629 3 44    100 17 6 46 100 
5 59170 3 15    100 7 45 35 100 
6 61228 3 28    100 44 16 97 100 
7 32219 3 18    101 79 23 28 101 
8 59283 3 58    101 67 33 34 101 
9 31213 2 25    101 11 24 101 
10 54384 3 45    101 53 54 66 101 
11 43201 3 40    101 76 78 77 101 
12 31856 2 39    101 75 80 101 
13 61052 3 39    101 2 32 70 101 
14 44594 3 54    102 1 21 22 102 
15 63886 3 45    102 57 27 95 102 
16 35775 2 28    102 12 40 102 
17 58786 3 57    102 39 25 38 102 
18 45317 3 38    102 86 41 42 102 
19 65192 3 31    102 56 14 37 102 
20 44476 3 23    102 72 73 55 102 
21 47888 3 55    102 20 71 3 102 
22 69544 4 51    102 96 91 99 13 102 
23 50215 3 29    102 94 36 90 102 
24 45684 2 32    102 52 74 102 
25 51253 3 96    102 93 58 84 102 
26 49701 3 32    103 68 50 8 103 
27 39918 3 58    103 30 61 10 103 
28 72042 3 39    103 0 19 64 103 
29 25803 2 28    103 69 31 103 
30 35469 2 19    103 87 62 103 
31 33892 2 29    103 26 49 103 
32 42069 2 26    103 51 18 103 
33 66550 3 28    103 9 89 63 103 
34 38171 2 46    103 29 65 103 
BEST COST= 1741829    RUN TIME= 0    TOTAL VEHICLES= 35