0 788772 6 369    249 1 35 202 101 218 162 249 
1 509369 5 349    249 113 147 120 136 223 249 
2 637513 6 279    249 25 152 247 105 222 63 249 
3 813774 6 341    249 37 175 174 133 157 68 249 
4 607575 7 491    249 169 57 182 149 219 121 124 249 
5 832139 8 470    249 134 15 242 161 31 200 23 176 249 
6 765347 6 232    249 51 74 66 146 39 236 249 
7 765538 7 305    249 130 41 102 46 54 77 248 249 
8 771711 9 494    249 234 240 213 56 237 9 135 225 81 249 
9 793334 8 261    249 10 55 79 193 65 167 232 156 249 
10 609086 6 228    249 216 227 52 129 128 194 249 
11 752340 6 284    249 224 241 16 126 158 61 249 
12 599901 8 344    249 111 212 7 122 117 145 42 189 249 
13 500063 5 202    249 229 8 188 206 203 249 
14 827033 6 293    249 210 220 204 30 67 72 249 
15 765353 7 266    249 100 12 166 88 196 112 192 249 
16 624942 8 444    249 53 29 190 11 48 60 89 197 249 
17 708604 7 266    249 172 82 205 64 123 78 26 249 
18 752882 5 172    250 80 75 201 0 207 250 
19 733441 9 454    250 36 164 168 180 170 58 14 38 198 250 
20 743556 8 432    250 139 171 185 99 208 98 231 245 250 
21 811684 7 365    250 3 114 243 107 154 138 151 250 
22 960018 8 473    250 221 84 226 109 116 239 44 199 250 
23 802019 7 317    250 125 115 2 95 17 137 24 250 
24 782421 6 303    250 103 5 83 131 96 43 250 
25 690752 6 375    250 71 184 18 32 233 179 250 
26 755580 9 486    250 155 143 183 217 118 244 93 49 62 250 
27 840352 8 322    250 127 235 110 104 108 59 50 21 250 
28 735358 7 424    250 191 238 34 94 187 144 215 250 
29 616851 6 137    250 73 214 165 4 132 140 250 
30 870107 9 489    250 47 142 13 97 106 211 150 148 178 250 
31 819610 8 325    250 27 181 33 86 153 69 230 159 250 
32 887949 10 484    250 22 195 173 91 177 209 40 19 28 119 250 
33 734255 6 185    250 163 20 141 70 228 6 250 
34 669339 9 445    250 160 186 92 90 76 87 246 85 45 250 
BEST COST= 25878568    RUN TIME= 0