0 628364 8 384    249 110 43 24 140 103 73 125 244 249 
1 451735 6 400    249 195 226 19 108 133 126 249 
2 626044 7 409    249 235 36 168 101 38 145 156 249 
3 552126 8 355    249 22 127 178 215 62 179 164 28 249 
4 433170 6 370    249 91 209 109 131 58 158 249 
5 559196 7 397    249 173 13 97 116 59 146 174 249 
6 507341 6 374    249 47 239 211 87 150 148 249 
7 530020 7 388    249 104 96 66 31 23 39 102 249 
8 476690 8 391    249 84 170 180 161 74 218 135 54 249 
9 566956 8 229    249 119 160 92 90 76 49 93 246 249 
10 565222 8 324    249 221 5 242 51 14 232 121 61 249 
11 598583 7 382    249 142 106 44 186 45 115 2 249 
12 601840 7 345    249 177 40 157 50 200 77 234 249 
13 580618 7 274    249 21 199 198 207 159 27 238 249 
14 476671 7 376    250 113 12 166 88 120 219 193 250 
15 556440 10 393    250 100 213 10 240 224 42 222 241 55 175 250 
16 544631 7 218    250 147 237 41 196 65 46 225 250 
17 473751 9 437    250 192 202 56 130 9 79 112 167 16 250 
18 513764 8 317    250 169 194 26 203 72 95 111 134 250 
19 587211 7 340    250 25 149 182 189 7 117 15 250 
20 509285 7 438    250 1 216 172 136 53 176 37 250 
21 404350 7 499    250 124 63 162 223 248 83 64 250 
22 614074 8 301    250 229 57 35 82 227 52 206 122 250 
23 460751 7 415    250 8 152 247 188 105 205 81 250 
24 562817 7 376    251 233 204 220 128 48 29 236 251 
25 500643 7 321    251 32 210 89 60 11 197 30 251 
26 480446 6 297    251 137 185 171 71 4 183 251 
27 541045 6 237    251 208 243 78 132 212 214 251 
28 529461 7 406    251 20 184 18 190 17 123 68 251 
29 534619 6 352    251 98 231 201 138 155 217 251 
30 525814 5 206    251 141 70 0 94 151 251 
31 408185 5 77    251 67 230 228 129 165 251 
32 532613 8 407    251 99 80 3 163 139 6 245 191 251 
33 630836 8 425    251 144 114 153 86 181 34 118 85 251 
34 474158 7 246    251 69 107 154 75 187 33 143 251 
BEST COST= 18539470    RUN TIME= 0    TOTAL VEHICLES= 35