0 696783 9 475    249 209 40 109 59 157 133 66 168 91 249 
1 743740 9 500    249 164 5 242 15 51 161 180 170 195 249 
2 591688 7 353    249 84 221 36 43 45 211 110 249 
3 627404 8 429    249 119 21 198 24 245 179 215 173 249 
4 623213 7 207    249 13 142 178 62 115 125 235 249 
5 614123 8 411    249 127 160 186 92 90 49 148 47 249 
6 579522 4 138    249 199 207 141 22 249 
7 639456 8 473    249 97 239 106 44 76 87 246 116 249 
8 574817 8 460    249 104 131 96 28 226 108 158 177 249 
9 644441 9 383    250 175 232 135 225 31 77 200 174 55 250 
10 652775 9 480    250 222 42 38 101 218 74 58 2 241 250 
11 542260 7 276    250 130 237 12 166 88 25 9 250 
12 614205 7 231    250 121 83 134 117 122 8 37 250 
13 607802 9 479    250 213 56 202 100 113 147 152 61 224 250 
14 613168 6 375    250 102 16 39 146 19 65 250 
15 567448 6 141    250 193 54 23 126 50 79 250 
16 640187 7 340    250 46 167 112 41 14 145 196 250 
17 596854 11 498    250 10 234 81 156 248 236 176 68 162 192 240 250 
18 587592 7 360    251 227 52 205 35 219 223 123 251 
19 404417 4 274    251 64 188 105 136 251 
20 533651 6 359    251 216 57 229 247 120 17 251 
21 580030 6 309    251 82 182 1 124 7 29 251 
22 541242 7 410    251 203 197 72 95 111 149 48 251 
23 536320 7 296    251 129 128 220 89 210 228 11 251 
24 623594 6 248    251 206 165 212 214 70 190 251 
25 540776 7 320    251 172 26 194 169 63 189 53 251 
26 457175 7 291    251 4 78 184 71 32 60 132 251 
27 547136 6 202    252 137 233 67 230 201 187 252 
28 681850 7 302    252 6 140 103 139 171 98 94 252 
29 659359 6 416    252 153 107 243 34 85 33 252 
30 681557 8 403    252 155 143 183 238 118 93 150 181 252 
31 639688 7 386    252 163 159 151 191 217 244 27 252 
32 558193 6 162    252 75 154 231 138 0 86 252 
33 607577 6 231    252 20 208 69 204 30 3 252 
34 526393 7 488    252 114 144 99 185 18 73 80 252 
BEST COST= 20876436    RUN TIME= 0