0 428247 7 254    249 110 221 164 36 125 214 117 249 
1 355877 6 271    249 195 142 13 106 109 133 249 
2 565567 7 336    249 235 119 5 242 15 134 144 249 
3 526046 8 250    249 22 21 43 198 207 245 139 20 249 
4 539544 8 470    249 91 177 209 40 59 157 51 223 249 
5 428065 6 374    249 173 116 239 211 76 148 249 
6 446261 6 280    249 47 127 44 92 170 74 249 
7 372406 5 326    249 104 226 19 97 87 249 
8 417466 7 382    249 84 168 180 161 58 232 61 249 
9 431197 7 414    250 174 65 55 37 38 122 2 250 
10 475911 6 179    250 77 175 241 240 192 35 250 
11 497031 7 238    250 16 167 193 196 222 121 248 250 
12 529473 6 281    250 23 39 126 237 202 162 250 
13 459415 7 320    250 54 102 79 41 10 56 12 250 
14 413136 7 327    250 31 66 96 131 28 108 146 250 
15 444113 7 425    250 46 112 9 130 213 234 81 250 
16 427941 8 406    250 225 135 218 14 101 83 145 236 250 
17 515710 5 320    250 200 50 158 224 156 250 
18 527163 7 361    251 238 118 187 3 80 114 154 251 
19 510012 8 301    251 34 181 33 86 153 75 107 98 251 
20 394215 6 341    251 191 179 151 24 140 115 251 
21 455925 6 297    251 143 62 178 199 103 42 251 
22 431904 7 406    251 183 49 90 186 45 215 85 251 
23 480289 7 383    251 217 244 93 150 246 160 94 251 
24 442053 7 294    251 155 27 159 6 163 171 71 251 
25 415612 8 486    252 26 216 57 182 219 188 120 105 252 
26 546474 8 349    252 172 82 205 64 227 52 149 247 252 
27 540689 7 381    252 53 17 124 63 100 229 152 252 
28 483676 9 431    252 203 197 72 165 111 7 189 68 176 252 
29 467115 7 340    252 136 123 48 129 220 30 233 252 
30 467640 9 396    252 194 1 169 113 147 25 8 88 166 252 
31 580484 9 464    253 78 18 184 32 137 185 208 69 230 253 
32 557873 8 404    253 190 29 206 95 212 73 99 243 253 
33 534432 8 341    253 4 210 89 67 141 231 201 138 253 
34 485513 8 278    253 132 11 60 128 204 70 228 0 253 
BEST COST= 16594475    RUN TIME= 0    TOTAL VEHICLES= 35