0 205453 2 13    80 32 1 80 
1 177169 2 14    80 31 3 80 
2 205453 2 13    80 34 4 80 
3 205453 2 13    80 39 6 80 
4 155564 2 14    80 24 0 80 
5 155564 2 14    80 26 2 80 
6 155564 2 14    80 29 5 80 
7 141231 2 13    80 36 7 80 
8 130000 2 9    80 33 9 80 
9 130000 2 9    80 35 11 80 
10 130000 3 14    80 20 28 12 80 
11 130000 3 14    80 22 30 14 80 
12 98994 2 12    80 16 8 80 
13 98994 2 12    80 18 10 80 
14 226272 3 13    80 21 37 13 80 
15 98994 2 12    80 23 15 80 
16 90000 2 6    80 25 17 80 
17 90000 2 6    80 27 19 80 
18 205453 2 13    81 72 41 81 
19 110000 2 14    81 67 43 81 
20 205453 2 13    81 74 44 81 
21 140000 2 13    81 78 46 81 
22 155564 2 14    81 64 40 81 
23 170990 2 13    81 38 42 81 
24 155564 2 14    81 69 45 81 
25 155564 2 14    81 71 47 81 
26 130000 2 9    81 73 49 81 
27 160000 3 13    81 59 75 51 81 
28 200000 4 15    81 60 68 76 52 81 
29 130000 3 14    81 62 70 54 81 
30 98994 2 12    81 56 48 81 
31 183846 3 14    81 58 66 50 81 
32 226272 3 13    81 61 77 53 81 
33 226272 3 13    81 63 79 55 81 
34 90000 2 6    81 65 57 81 
BEST COST= 5368677    RUN TIME= 0