0 10000 1 12    80 1 80 
1 90000 3 17    80 3 19 35 80 
2 98994 2 9    80 10 34 80 
3 10000 1 12    80 6 80 
4 98994 3 22    80 5 13 29 80 
5 127278 3 17    80 0 16 32 80 
6 50000 2 14    80 4 28 80 
7 113136 2 5    80 21 37 80 
8 40000 1 2    80 30 80 
9 60000 2 10    80 9 25 80 
10 60000 2 10    80 11 27 80 
11 100000 3 13    80 12 20 36 80 
12 100000 3 13    80 14 22 38 80 
13 84852 2 10    80 8 24 80 
14 113136 3 18    80 2 18 26 80 
15 113136 3 18    80 7 23 31 80 
16 80000 2 5    80 17 33 80 
17 98994 2 9    80 15 39 80 
18 10000 1 12    81 43 81 
19 80000 3 18    81 44 60 68 81 
20 50000 2 14    81 46 70 81 
21 127278 3 17    81 40 56 72 81 
22 127278 3 17    81 42 58 74 81 
23 113136 3 18    81 45 61 69 81 
24 50000 1 1    81 76 81 
25 70000 3 22    81 41 49 65 81 
26 60000 2 10    81 51 67 81 
27 20000 1 8    81 52 81 
28 100000 3 13    81 54 62 78 81 
29 84852 2 10    81 48 64 81 
30 84852 2 10    81 50 66 81 
31 98994 2 9    81 53 77 81 
32 212130 5 27    81 47 55 63 71 79 81 
33 80000 2 5    81 57 73 81 
34 80000 2 5    81 59 75 81 
BEST COST= 2897040    RUN TIME= 68.6524