0 188284 4 21    160 1 17 16 32 160 
1 241231 6 29    160 3 11 19 27 35 29 160 
2 280865 5 27    160 4 10 18 26 153 160 
3 214340 5 33    160 6 14 13 21 38 160 
4 216390 4 23    160 0 8 25 152 160 
5 265562 6 29    160 2 12 20 28 36 147 160 
6 193651 4 20    160 5 22 30 66 160 
7 220349 5 27    160 7 15 23 31 157 160 
8 161231 3 11    160 9 33 24 160 
9 214736 4 18    161 41 56 72 37 161 
10 150000 5 27    161 43 51 59 67 75 161 
11 154721 4 36    161 44 52 50 54 161 
12 190594 4 19    161 46 61 69 77 161 
13 303660 5 27    161 40 48 65 58 74 161 
14 268464 5 23    161 42 60 68 76 62 161 
15 165562 4 23    161 45 53 70 78 161 
16 212130 5 27    161 47 55 63 71 79 161 
17 191231 4 15    161 49 57 73 64 161 
18 255116 5 27    162 81 88 96 107 115 162 
19 194142 5 30    162 83 91 99 101 109 162 
20 242462 4 21    162 84 100 98 119 162 
21 152426 4 29    162 86 94 93 117 162 
22 227682 4 19    162 80 97 113 108 162 
23 273012 4 23    162 82 92 116 149 162 
24 308643 5 21    162 85 102 110 118 104 162 
25 141420 4 26    162 87 95 103 111 162 
26 218929 4 19    162 89 90 106 159 162 
27 274142 6 29    163 121 129 137 145 146 154 163 
28 283071 6 35    163 123 131 128 136 144 34 163 
29 214340 5 33    163 124 132 130 138 156 163 
30 210990 5 26    163 126 134 142 158 112 163 
31 219707 4 21    163 120 139 141 39 163 
32 233651 4 19    163 122 140 148 155 163 
33 185562 4 24    163 125 133 150 105 163 
34 220349 5 27    163 127 135 143 151 114 163 
BEST COST= 7688645    RUN TIME= 0    TOTAL VEHICLES= 35