0 463420 8 45    240 1 2 10 18 26 34 231 223 240 
1 355508 6 31    240 3 11 19 27 237 222 240 
2 540594 9 35    240 4 12 20 28 36 155 136 144 152 240 
3 452130 8 52    240 6 5 14 22 30 15 23 31 240 
4 373074 6 35    240 0 8 16 24 35 13 240 
5 493085 8 34    241 41 49 57 65 73 38 29 17 241 
6 428102 7 40    241 43 51 59 67 75 72 7 241 
7 462426 7 27    241 44 52 68 66 74 112 157 241 
8 447744 6 28    241 46 53 61 69 77 39 241 
9 510933 7 33    241 40 48 56 64 37 21 25 241 
10 345006 6 30    241 42 50 60 76 115 99 241 
11 331002 6 31    241 45 54 62 70 78 58 241 
12 292840 6 28    241 47 55 63 71 79 117 241 
13 416568 7 36    242 81 89 97 96 104 149 141 242 
14 335486 6 46    242 83 85 93 101 107 90 242 
15 448818 7 40    242 84 87 95 103 111 119 158 242 
16 377183 7 37    242 86 94 102 110 118 109 91 242 
17 406866 6 28    242 80 88 105 113 98 159 242 
18 480648 7 41    242 82 92 100 108 116 106 120 242 
19 352967 6 54    243 121 122 130 127 133 150 243 
20 426673 7 46    243 123 131 139 147 125 142 138 243 
21 377183 7 37    243 124 132 140 148 156 146 129 243 
22 480017 7 43    243 126 134 135 143 151 114 128 243 
23 457201 7 40    244 161 169 177 170 178 186 145 244 
24 391446 7 42    244 163 171 179 187 173 181 137 244 
25 435546 7 40    244 164 172 167 183 191 199 153 244 
26 372112 7 36    244 166 174 182 190 198 175 154 244 
27 472876 6 32    244 165 160 176 184 193 194 244 
28 502886 6 22    244 162 180 188 196 185 239 244 
29 426158 7 36    245 201 209 217 225 233 234 215 245 
30 449707 7 37    245 203 211 219 227 230 238 9 245 
31 426604 8 31    245 204 212 220 228 236 195 189 197 245 
32 463485 8 59    245 207 206 214 205 213 221 229 32 245 
33 531652 7 29    245 200 208 216 224 232 235 33 245 
34 341704 6 35    245 202 210 218 226 192 168 245 
BEST COST= 14869650    RUN TIME= 0