0 1142 1 11    48 36 48 
1 6841 1 14    48 34 48 
2 8768 1 13    48 6 48 
3 12789 1 22    48 33 48 
4 15843 1 16    48 31 48 
5 16184 1 3    48 43 48 
6 17274 1 13    48 8 48 
7 18963 1 18    48 9 48 
8 21779 1 10    48 30 48 
9 10070 1 25    49 44 49 
10 11567 1 7    49 10 49 
11 12212 1 21    49 21 49 
12 29410 1 10    49 47 49 
13 29575 1 5    49 5 49 
14 32415 1 16    49 2 49 
15 32845 1 8    49 40 49 
16 36638 1 16    49 26 49 
17 177848 2 41    49 45 41 49 
18 104829 2 37    50 4 15 50 
19 198686 2 18    50 12 27 50 
20 91026 2 28    50 19 0 50 
21 147661 2 28    50 32 13 50 
22 85314 2 23    50 17 25 50 
23 21846 1 10    50 35 50 
24 169081 2 19    50 16 22 50 
25 187009 2 8    50 18 3 50 
26 89887 2 40    50 7 28 50 
27 5256 1 8    51 1 51 
28 83698 2 28    51 37 29 51 
29 13077 1 13    51 38 51 
30 119839 2 19    51 39 14 51 
31 64630 2 27    51 11 46 51 
32 77168 2 44    51 20 23 51 
33 26925 1 24    51 42 51 
34 27469 1 14    51 24 51 
BEST COST= 2005564    RUN TIME= 0