0 69014 1 21    97 6 97 
1 48934 3 60    97 41 21 84 97 
2 160041 3 28    96 54 19 38 96 
3 44258 2 6    96 83 42 96 
4 95141 3 36    98 17 50 49 98 
5 69351 3 11    98 66 13 75 98 
6 35670 2 47    97 31 86 97 
7 72862 4 64    99 10 20 45 14 99 
8 50519 3 34    96 58 69 40 96 
9 47150 3 53    96 24 71 59 96 
10 93085 4 56    96 72 36 16 63 96 
11 70965 3 53    96 61 43 15 96 
12 116560 2 12    96 85 7 96 
13 145052 4 50    96 80 92 37 67 96 
14 86644 3 52    99 44 30 33 99 
15 9024 1 18    99 57 99 
16 22089 2 16    99 27 56 99 
17 48795 2 45    96 8 68 96 
18 24388 3 34    97 77 87 0 97 
19 99997 3 51    98 9 47 5 98 
20 73370 3 16    98 95 11 2 98 
21 89532 2 15    97 93 4 97 
22 66905 3 48    98 1 79 23 98 
23 39386 3 37    97 32 46 64 97 
24 97616 3 28    99 90 29 82 99 
25 28742 1 15    99 3 99 
26 139279 5 67    99 88 51 60 62 12 99 
27 110828 3 33    99 25 22 74 99 
28 43450 3 56    99 53 28 94 99 
29 49476 2 9    99 89 76 99 
30 82153 3 13    99 78 81 39 99 
31 174908 4 53    96 18 73 91 26 96 
32 69055 2 42    99 34 48 99 
33 43174 3 28    98 55 65 70 98 
34 56642 2 13    98 35 52 98 
BEST COST= 2574055    RUN TIME= 181.726