0 114621 4 45    144 38 94 131 30 144 
1 176004 5 63    144 61 0 12 26 118 144 
2 184006 6 67    144 16 79 2 120 87 39 144 
3 150528 5 69    144 90 86 11 111 73 144 
4 189849 5 54    144 44 128 9 49 71 144 
5 146460 4 74    144 25 138 109 68 144 
6 143549 5 63    144 132 72 13 126 51 144 
7 217261 5 85    144 108 106 77 140 99 144 
8 142012 5 65    144 70 10 34 27 4 144 
9 169488 3 39    145 116 35 56 145 
10 199230 5 44    145 36 107 57 67 21 145 
11 213694 4 61    145 3 125 92 97 145 
12 150219 3 35    145 5 53 48 145 
13 146580 4 62    145 23 78 18 33 145 
14 161670 3 22    145 74 119 115 145 
15 180699 4 30    145 50 45 24 54 145 
16 123800 4 40    145 134 104 114 110 145 
17 103787 3 17    145 7 124 66 145 
18 125905 3 23    145 69 100 60 145 
19 124537 3 19    145 55 82 84 145 
20 132087 4 37    146 123 112 59 46 146 
21 109881 3 51    146 93 63 19 146 
22 157059 4 68    146 101 133 6 52 146 
23 182140 4 61    146 47 136 8 139 146 
24 161030 4 57    146 129 117 41 135 146 
25 153708 4 53    146 1 141 130 88 146 
26 201174 4 63    146 98 143 20 28 146 
27 181260 4 44    146 31 95 89 29 146 
28 154372 3 21    146 22 14 113 146 
29 121013 4 24    146 121 83 105 40 146 
30 138947 4 59    146 80 137 65 85 146 
31 101413 3 54    146 43 37 102 146 
32 203271 3 18    146 96 76 75 146 
33 189560 6 60    147 91 142 62 15 127 32 147 
34 188529 7 141    147 42 103 17 122 64 58 81 147 
BEST COST= 5539343    RUN TIME= 0