0 307109 3 29    192 130 20 147 192 
1 388111 6 91    192 14 188 176 116 4 153 192 
2 300010 4 77    192 103 31 34 179 192 
3 385072 6 85    192 151 164 64 75 140 67 192 
4 380791 5 89    192 70 66 41 117 160 192 
5 393586 6 77    192 12 173 175 88 135 11 192 
6 451201 7 83    192 49 120 55 28 95 170 17 192 
7 320471 4 38    192 8 191 180 81 192 
8 290660 6 63    192 114 68 21 133 108 26 192 
9 171380 4 57    193 127 144 107 136 193 
10 309300 4 52    193 148 56 29 172 193 
11 280253 4 36    193 58 128 54 2 193 
12 320212 5 71    193 109 182 45 59 122 193 
13 213259 4 39    193 72 141 121 78 193 
14 312186 5 100    193 132 106 96 52 57 193 
15 291734 3 45    193 149 171 187 193 
16 281477 3 23    193 69 110 177 193 
17 217059 3 27    193 24 10 124 193 
18 319090 5 98    194 112 137 79 94 61 194 
19 311245 3 43    194 115 1 90 194 
20 468761 5 70    194 37 6 80 168 185 194 
21 298523 5 69    194 46 161 131 126 92 194 
22 363478 6 68    194 105 65 23 63 32 76 194 
23 318207 4 26    194 166 159 158 33 194 
24 272598 7 105    194 15 129 138 38 18 156 189 194 
25 476772 6 105    194 97 35 51 84 146 9 194 
26 397667 6 84    194 13 71 73 154 89 134 194 
27 512097 6 112    195 22 119 85 104 19 143 195 
28 496405 10 83    195 111 163 87 150 181 139 30 0 186 93 195 
29 517397 9 119    195 43 184 16 118 145 178 47 165 174 195 
30 477269 9 122    195 36 91 77 183 102 101 25 74 7 195 
31 434059 7 62    195 99 86 44 169 157 3 40 195 
32 447597 7 74    195 62 152 155 113 42 50 123 195 
33 434264 8 75    195 27 83 5 53 60 190 125 82 195 
34 451752 7 80    195 162 142 100 98 167 39 48 195 
BEST COST= 12611052    RUN TIME= 0