0 256649 7 100    240 141 150 100 212 99 171 194 240 
1 307608 6 73    240 192 83 59 95 103 92 240 
2 274017 7 131    240 156 74 193 113 199 15 116 240 
3 290247 7 107    240 80 132 213 114 78 60 227 240 
4 229075 6 68    240 202 19 182 124 209 76 240 
5 229709 6 80    240 157 3 128 89 32 188 240 
6 316199 6 75    240 54 176 27 7 198 40 240 
7 258825 6 88    240 90 130 20 47 183 0 240 
8 246859 5 76    240 160 229 115 225 44 240 
9 254601 5 69    240 10 149 148 81 167 240 
10 204162 4 33    240 123 223 43 77 240 
11 232219 8 122    240 216 28 186 234 79 196 134 159 240 
12 233553 6 93    240 210 50 38 93 21 18 240 
13 257779 7 88    240 101 230 58 226 187 34 56 240 
14 209175 5 88    240 14 153 179 222 208 240 
15 274712 10 105    241 29 161 206 120 211 181 136 173 6 75 241 
16 203704 5 74    242 169 189 82 184 125 242 
17 230826 7 94    242 4 201 63 224 36 180 73 242 
18 277539 7 102    242 144 204 12 170 137 24 168 242 
19 291416 8 108    242 165 105 197 112 86 48 96 68 242 
20 226481 6 114    242 31 205 72 23 119 166 242 
21 267485 7 99    242 11 8 65 191 221 5 37 242 
22 283556 6 90    242 2 110 155 52 218 88 242 
23 221790 7 87    242 117 145 61 135 138 106 190 242 
24 241156 6 78    242 107 174 139 235 41 151 242 
25 203433 5 88    242 9 111 102 185 30 242 
26 302823 10 130    243 237 25 22 195 16 62 177 175 108 69 243 
27 306319 11 148    243 142 42 236 98 178 217 228 126 232 215 91 243 
28 288105 8 130    243 17 140 164 147 104 66 87 45 243 
29 279149 9 110    243 53 143 162 118 70 49 163 154 57 243 
30 331401 7 86    243 35 172 64 158 219 85 67 243 
31 301864 9 148    243 71 122 238 33 121 26 214 39 51 243 
32 335786 7 108    243 152 131 203 231 146 46 109 243 
33 284032 7 79    243 220 239 13 133 129 94 97 243 
34 356934 7 82    243 55 84 200 207 127 1 233 243 
BEST COST= 9309188    RUN TIME= 0