0 426884 10 141    288 179 252 189 117 175 124 144 1 81 223 288 
1 405817 11 118    288 85 284 159 264 71 199 7 89 275 103 58 288 
2 372443 10 118    288 280 38 263 171 59 217 184 43 282 78 288 
3 327487 9 75    289 37 16 145 74 143 279 50 60 225 289 
4 351493 10 159    289 155 110 246 66 48 183 253 232 156 239 289 
5 333167 8 118    289 244 216 283 259 30 31 47 157 289 
6 368670 9 119    289 178 108 152 254 241 230 114 42 69 289 
7 337617 8 73    289 220 203 53 52 234 91 3 257 289 
8 342525 7 99    289 281 14 201 186 26 256 23 289 
9 373124 9 128    289 176 113 134 147 197 202 39 116 250 289 
10 325302 6 69    289 65 100 267 10 221 88 289 
11 454761 11 140    289 99 2 172 261 268 151 119 185 262 265 135 289 
12 345410 8 80    289 271 164 170 4 34 192 84 70 289 
13 387806 7 58    290 97 269 136 149 68 24 141 290 
14 401103 7 137    290 105 77 260 126 76 255 111 290 
15 425467 7 93    290 18 242 104 168 146 212 109 290 
16 453214 8 96    290 251 86 73 54 235 276 219 139 290 
17 382015 7 79    290 101 195 161 122 46 121 5 290 
18 396360 6 109    290 227 115 102 130 247 274 290 
19 336150 8 119    290 194 87 137 228 94 272 19 204 290 
20 320014 6 58    290 138 13 90 158 67 118 290 
21 317771 6 92    290 266 278 98 215 33 211 290 
22 336197 7 74    290 80 75 277 229 286 79 41 290 
23 324071 8 88    290 166 11 20 21 160 163 191 188 290 
24 351315 7 65    290 245 162 107 240 36 8 243 290 
25 435242 7 137    290 83 142 196 148 285 123 193 290 
26 391241 9 100    290 165 218 35 28 237 15 96 206 177 290 
27 356002 8 73    290 128 45 51 258 224 198 140 27 290 
28 405783 8 134    290 214 181 120 44 0 153 92 25 290 
29 465492 8 130    290 32 29 127 200 131 270 213 40 290 
30 349089 8 125    290 174 129 209 132 187 248 233 133 290 
31 320338 9 105    291 180 231 82 167 57 208 17 287 9 291 
32 419657 11 162    291 63 22 56 61 169 182 154 49 238 226 55 291 
33 341188 10 99    291 210 273 64 236 95 125 72 173 205 93 291 
34 312328 10 101    291 190 106 222 150 249 12 112 207 62 6 291 
BEST COST= 12992543    RUN TIME= 0