0 5589 1 10    72 35 72 
1 166919 2 19    72 32 30 72 
2 111075 2 24    72 64 19 72 
3 157008 2 5    72 5 26 72 
4 43493 2 33    72 59 69 72 
5 95292 2 19    72 9 17 72 
6 94815 3 28    73 16 46 67 73 
7 138323 3 26    73 25 22 42 73 
8 192407 3 63    73 40 49 11 73 
9 245907 3 48    73 63 0 6 73 
10 53538 2 18    73 58 50 73 
11 95140 3 45    73 60 36 48 73 
12 113566 2 40    74 71 68 74 
13 76787 2 35    74 44 7 74 
14 108107 2 43    74 14 33 74 
15 49301 2 37    74 53 43 74 
16 90171 2 21    74 2 61 74 
17 121803 3 40    74 55 15 21 74 
18 63923 2 26    75 27 51 75 
19 57232 2 32    75 52 28 75 
20 205343 2 18    75 23 3 75 
21 105865 2 21    75 4 45 75 
22 248747 2 7    75 56 12 75 
23 158996 2 31    75 62 54 75 
24 90707 2 36    76 57 65 76 
25 54200 2 17    76 41 13 76 
26 40466 2 28    76 18 29 76 
27 45147 2 27    76 20 47 76 
28 57529 2 16    76 39 66 76 
29 48836 2 20    76 10 8 76 
30 17264 1 10    77 24 77 
31 82921 2 44    77 37 34 77 
32 22457 1 25    77 31 77 
33 83248 2 17    77 38 1 77 
34 28323 1 19    77 70 77 
BEST COST= 3370445    RUN TIME= 0