0 251679 3 36    144 92 81 39 144 
1 179693 4 42    144 72 83 26 52 144 
2 166866 4 52    144 100 95 6 27 144 
3 241942 5 65    144 38 65 10 140 128 144 
4 198376 4 49    144 24 62 127 101 144 
5 223378 4 34    144 28 56 79 121 144 
6 220487 5 57    145 37 21 60 102 22 145 
7 296869 4 53    145 7 3 17 132 145 
8 252470 4 53    145 41 34 117 105 145 
9 195751 3 56    145 112 50 49 145 
10 191883 4 53    145 103 126 113 73 145 
11 175247 5 86    145 96 108 33 9 139 145 
12 252949 3 39    146 86 125 90 146 
13 220061 3 58    146 36 87 32 146 
14 279723 5 91    146 135 91 47 130 134 146 
15 189651 3 50    146 40 94 55 146 
16 296159 4 53    146 61 118 120 31 146 
17 275847 7 119    146 44 107 67 124 23 42 45 146 
18 209722 3 36    147 11 119 18 147 
19 228919 3 33    147 141 8 131 147 
20 298689 3 32    147 68 48 64 147 
21 202004 3 27    147 25 109 89 147 
22 265050 3 31    147 133 142 2 147 
23 258223 4 43    147 15 138 76 4 147 
24 225982 5 75    148 13 104 66 85 137 148 
25 223535 7 117    148 35 51 123 57 99 1 82 148 
26 190403 4 54    148 59 93 88 20 148 
27 197544 4 46    148 84 78 116 63 148 
28 239817 5 89    148 0 75 5 69 111 148 
29 266033 4 53    148 29 30 136 106 148 
30 177113 4 58    149 74 110 19 53 149 
31 210840 5 84    149 143 80 54 97 71 149 
32 255871 5 54    149 98 16 129 14 58 149 
33 343350 3 55    149 77 115 122 149 
34 215231 5 73    149 70 114 12 46 43 149 
BEST COST= 8117357    RUN TIME= 0