0 161737 6 87    216 66 58 63 22 119 59 216 
1 283347 6 68    216 166 29 152 137 178 101 216 
2 237736 6 67    216 85 28 35 41 131 33 216 
3 194193 5 63    216 149 38 78 2 102 216 
4 264194 7 82    216 171 179 109 46 57 1 60 216 
5 253694 5 55    216 189 100 163 23 21 216 
6 341910 9 126    217 4 206 72 15 117 75 34 127 68 217 
7 241216 5 49    218 148 208 5 193 65 218 
8 339430 6 75    218 3 142 17 140 19 124 218 
9 201950 5 63    218 176 114 51 105 90 218 
10 291103 6 56    218 134 118 168 12 202 62 218 
11 233640 5 45    218 201 10 170 81 45 218 
12 207522 5 68    218 151 25 136 185 167 218 
13 309198 5 64    218 42 213 77 55 184 218 
14 184402 4 45    218 40 123 11 128 218 
15 200763 5 64    218 204 94 76 31 129 218 
16 150245 3 63    218 67 104 14 218 
17 179277 4 30    218 161 0 13 146 218 
18 171834 5 65    218 103 162 198 44 87 218 
19 321996 7 81    219 173 160 215 165 53 86 84 219 
20 207582 6 63    219 143 97 99 69 158 9 219 
21 345137 6 48    219 150 190 8 64 186 196 219 
22 272167 4 59    219 138 80 88 207 219 
23 199496 5 84    219 145 125 139 122 116 219 
24 240708 5 88    219 156 27 111 212 209 219 
25 330256 8 85    219 177 191 89 26 210 91 32 24 219 
26 269778 5 60    219 36 39 61 71 6 219 
27 212071 6 71    219 132 157 197 93 79 54 219 
28 341628 7 84    219 82 183 37 192 141 98 52 219 
29 328480 10 159    220 214 169 130 121 108 147 107 20 30 181 220 
30 298531 11 110    220 50 47 70 144 182 133 174 135 112 187 18 220 
31 236965 7 121    220 113 74 154 115 211 172 195 220 
32 326806 8 152    220 200 73 56 49 48 159 194 106 220 
33 364790 9 119    220 180 199 96 164 95 7 16 43 92 220 
34 355331 10 117    221 203 205 153 110 175 126 120 155 188 83 221 
BEST COST= 9099113    RUN TIME= 0