0 391008 11 154    288 245 53 122 64 183 74 265 278 280 237 277 288 
1 352392 9 116    288 61 121 262 264 111 76 102 279 69 288 
2 398488 11 131    288 39 97 243 275 107 99 273 16 250 260 189 288 
3 363659 10 104    288 79 63 49 94 23 29 196 186 103 235 288 
4 390688 10 98    288 46 82 51 163 54 25 12 239 56 216 288 
5 370322 7 90    288 205 234 228 134 194 81 106 288 
6 395494 7 78    288 13 174 137 112 32 209 57 288 
7 432357 12 166    289 159 117 232 9 92 206 192 176 59 208 115 18 289 
8 382999 9 92    290 28 140 19 86 198 210 129 203 161 290 
9 418069 9 133    290 144 138 261 93 160 22 233 66 255 290 
10 404745 10 130    290 105 169 211 177 190 240 38 253 238 52 290 
11 429451 5 49    291 256 230 251 166 55 291 
12 319289 7 76    291 126 282 185 136 4 193 67 291 
13 381189 8 98    291 96 258 152 128 276 156 178 188 291 
14 382903 9 169    291 266 118 179 248 34 267 50 145 153 291 
15 375851 7 110    291 24 212 283 167 269 2 142 291 
16 407857 9 138    291 65 180 231 48 27 33 41 37 14 291 
17 404493 6 87    291 113 7 36 148 84 164 291 
18 374289 8 131    291 220 201 75 204 274 68 287 125 291 
19 325256 7 82    291 218 263 268 139 286 175 165 291 
20 397869 7 83    291 162 30 215 224 17 21 85 291 
21 367620 5 96    291 246 227 124 182 101 291 
22 327351 7 106    291 158 270 252 72 44 62 131 291 
23 323573 6 76    291 217 171 132 89 40 195 291 
24 416673 7 82    291 60 108 114 151 11 173 219 291 
25 419270 7 105    291 213 226 272 135 197 119 35 291 
26 394889 8 76    291 225 123 31 91 200 191 116 222 291 
27 363911 8 59    292 78 202 26 168 236 147 80 254 292 
28 403376 9 111    292 5 15 221 154 87 43 120 249 88 292 
29 365260 9 125    292 257 0 150 42 133 45 130 242 100 292 
30 463911 9 108    292 1 20 285 155 90 141 146 95 271 292 
31 350869 8 162    292 71 241 70 6 58 149 104 73 292 
32 450010 9 132    292 247 207 214 199 284 281 244 223 10 292 
33 324098 8 133    292 184 157 127 109 229 77 110 98 292 
34 405594 10 164    293 8 259 83 47 170 143 172 187 3 181 293 
BEST COST= 13475073    RUN TIME= 0