0 252531 2 6    50 9 30 50 
1 375300 3 16    50 1 2 0 50 
2 304853 2 12    50 46 21 50 
3 308910 2 9    53 5 45 53 
4 309177 2 14    52 40 25 52 
5 411016 2 6    50 29 43 50 
6 268698 4 19    53 18 23 10 31 53 
7 269747 2 6    50 17 4 50 
8 252361 3 10    51 12 22 42 51 
9 325881 3 24    50 3 13 34 50 
10 278476 3 14    50 26 11 47 50 
11 285676 3 14    53 44 35 33 53 
12 331422 3 22    53 32 19 15 53 
13 230908 2 16    50 20 7 50 
14 324648 2 13    50 37 24 50 
15 294960 3 11    50 28 14 48 50 
16 274910 2 14    50 41 36 50 
17 290000 2 14    50 39 6 50 
18 264924 3 24    51 49 38 8 51 
19 299072 2 14    53 27 16 53 
BEST COST= 5953470    RUN TIME= 2.0719    TOTAL VEHICLES= 20