0 219339 2 10    50 4 16 50 
1 234126 2 5    50 21 23 50 
2 234963 2 12    50 42 2 50 
3 232362 2 6    50 15 8 50 
4 237888 2 14    51 37 49 51 
5 120000 2 8    50 33 24 50 
6 247991 3 13    50 40 47 22 50 
7 194852 4 29    51 7 48 12 18 51 
8 214239 2 14    50 17 46 50 
9 203878 2 13    50 11 27 50 
10 196699 3 21    51 26 44 6 51 
11 248284 2 14    50 1 28 50 
12 240000 3 14    51 36 29 19 51 
13 236015 2 14    51 35 3 51 
14 134538 3 10    52 31 14 30 52 
15 140089 3 18    52 39 13 38 52 
16 204852 4 14    53 25 32 9 0 53 
17 218806 2 5    53 5 34 53 
18 225406 2 14    53 20 45 53 
19 223006 3 18    53 10 41 43 53 
BEST COST= 4207333    RUN TIME= 6.36126    TOTAL VEHICLES= 20