0 193241 2 5    50 14 2 50 
1 172426 3 18    54 0 25 45 54 
2 156620 3 18    54 47 6 35 54 
3 168929 3 15    50 5 13 22 50 
4 190830 3 22    50 20 10 16 50 
5 183153 3 16    50 28 7 29 50 
6 185440 2 10    52 18 32 52 
7 170711 2 6    52 1 19 52 
8 176619 2 6    53 38 34 53 
9 193246 3 18    52 49 17 39 52 
10 170346 2 5    52 36 26 52 
11 193383 2 5    52 40 30 52 
12 178062 2 9    52 23 37 52 
13 179066 2 16    52 8 15 52 
14 140000 4 21    55 9 42 24 12 55 
15 183915 2 10    52 46 4 52 
16 190261 3 14    53 48 11 3 53 
17 168415 2 16    54 21 33 54 
18 127148 3 28    55 43 27 41 55 
19 152735 2 16    55 44 31 55 
BEST COST= 3474546    RUN TIME= 2.55247    TOTAL VEHICLES= 20