0 201108 2 10    52 9 14 52 
1 168661 2 8    54 26 8 54 
2 90000 2 2    51 5 40 51 
3 165579 3 4    51 12 44 43 51 
4 170645 3 22    51 45 47 15 51 
5 122462 2 5    52 24 13 52 
6 181934 4 22    52 34 17 41 46 52 
7 194868 2 4    52 18 48 52 
8 206164 2 16    52 42 36 52 
9 157586 2 6    55 1 3 55 
10 179066 2 13    52 6 7 52 
11 190880 2 5    50 11 19 50 
12 172801 2 2    53 2 49 53 
13 200541 3 22    53 20 29 37 53 
14 197968 3 18    53 32 21 27 53 
15 162316 2 9    53 10 28 53 
16 150925 3 12    50 16 22 25 50 
17 138929 3 26    54 39 35 0 54 
18 191941 4 23    54 4 33 38 31 54 
19 172316 2 14    50 23 30 50 
BEST COST= 3416690    RUN TIME= 2.8864    TOTAL VEHICLES= 20