0 128864 4 18    50 11 13 5 48 50 
1 212573 3 7    55 33 3 24 55 
2 196492 2 3    51 26 45 51 
3 155832 2 6    53 32 30 53 
4 177923 3 18    50 20 2 12 50 
5 199907 4 36    51 31 37 9 42 51 
6 159744 2 3    51 10 43 51 
7 192942 2 5    55 18 38 55 
8 193241 2 3    51 22 19 51 
9 194851 3 9    55 14 35 39 55 
10 194265 2 16    52 44 28 52 
11 184163 3 25    51 16 17 40 51 
12 174340 2 16    52 29 27 52 
13 185687 2 20    52 25 23 52 
14 244354 2 3    52 49 0 52 
15 116254 3 21    54 21 4 1 54 
16 148306 2 9    55 34 8 55 
17 153173 2 24    50 41 47 50 
18 194070 3 20    55 46 15 6 55 
19 131623 2 12    55 36 7 55 
BEST COST= 3538604    RUN TIME= 2.66249    TOTAL VEHICLES= 20