0 383153 3 21    100 8 9 65 100 
1 378781 3 14    100 0 97 31 100 
2 416865 5 25    100 96 47 4 28 32 100 
3 377278 5 25    101 54 73 57 35 62 101 
4 357991 3 16    103 6 91 87 103 
5 383238 3 12    101 70 39 45 101 
6 372449 5 34    100 55 3 86 7 61 100 
7 402864 6 42    101 72 84 27 42 43 20 101 
8 400832 2 5    101 74 78 101 
9 417261 4 15    100 69 41 92 13 100 
10 397208 5 33    102 34 95 24 29 82 102 
11 393836 3 12    102 23 12 30 102 
12 364425 4 7    102 64 93 21 99 102 
13 347766 4 25    102 15 10 76 98 102 
14 291656 2 9    102 33 1 102 
15 407290 7 47    102 52 71 56 81 63 22 48 102 
16 413748 3 5    103 94 26 75 103 
17 310653 5 9    103 49 53 51 50 16 103 
18 279550 4 13    102 37 80 44 11 102 
19 326499 6 39    102 59 79 89 85 88 40 102 
20 376329 3 17    103 18 14 19 103 
21 201437 3 21    103 2 77 60 103 
22 399568 5 28    102 58 67 66 36 25 102 
23 398875 4 22    100 5 68 90 38 100 
24 397181 3 16    103 83 17 46 103 
BEST COST= 9196733    RUN TIME= 4.6518    TOTAL VEHICLES= 25