0 338673 3 18    100 8 39 67 100 
1 270280 4 32    100 93 35 21 45 100 
2 357066 3 15    100 18 14 53 100 
3 361584 4 19    102 49 63 79 56 102 
4 279127 5 17    100 78 36 90 48 75 100 
5 318918 5 25    100 30 55 60 50 6 100 
6 321305 3 10    100 54 65 86 100 
7 360990 4 24    101 52 61 3 24 101 
8 348578 3 11    101 9 40 71 101 
9 198870 2 13    100 23 66 100 
10 252945 4 36    101 19 42 83 57 101 
11 302462 4 17    101 84 74 11 12 101 
12 324142 3 17    103 29 7 5 103 
13 355467 5 23    101 34 31 4 2 73 101 
14 363982 4 9    101 95 44 1 69 101 
15 353225 6 34    104 32 46 85 26 51 16 104 
16 358715 5 17    102 20 98 38 76 43 102 
17 363746 6 29    103 88 59 33 70 92 17 103 
18 307799 6 18    102 82 87 27 13 15 0 102 
19 348284 3 12    104 80 62 77 104 
20 344142 5 23    102 22 58 47 99 91 102 
21 334360 4 12    102 25 97 41 37 102 
22 367324 2 16    104 96 72 104 
23 358918 5 31    104 89 28 68 64 10 104 
24 344008 2 13    105 81 94 105 
BEST COST= 8234910    RUN TIME= 5.77016    TOTAL VEHICLES= 25