20 50 4 60

-150.000000 110.000000
140.000000 30.000000
130.000000 110.000000
110.000000 160.000000
120.000000 -10.000000
0.000000 140.000000
-70.000000 40.000000
0.000000 10.000000
160.000000 -50.000000
-110.000000 80.000000
-70.000000 150.000000
120.000000 0.000000
20.000000 -20.000000
-130.000000 20.000000
-140.000000 0.000000
90.000000 -20.000000
110.000000 -30.000000
50.000000 0.000000
0.000000 -40.000000
-20.000000 110.000000
0.000000 150.000000
110.000000 60.000000
110.000000 120.000000
130.000000 0.000000
90.000000 0.000000
-90.000000 110.000000
-40.000000 40.000000
110.000000 -10.000000
160.000000 50.000000
-20.000000 90.000000
-160.000000 0.000000
-110.000000 -20.000000
-80.000000 110.000000
30.000000 0.000000
0.000000 130.000000
0.000000 80.000000
0.000000 90.000000
-10.000000 0.000000
-150.000000 40.000000
-110.000000 10.000000
70.000000 70.000000
-50.000000 160.000000
110.000000 100.000000
-30.000000 140.000000
-50.000000 60.000000
0.000000 160.000000
140.000000 110.000000
80.000000 80.000000
0.000000 0.000000
60.000000 160.000000
30.000000 30.000000
0.000000 30.000000
-120.000000 -10.000000
-100.000000 110.000000

8.000000
12.000000
8.000000
2.000000
2.000000
4.000000
8.000000
12.000000
2.000000
2.000000
4.000000
12.000000
1.000000
8.000000
1.000000
4.000000
8.000000
12.000000
8.000000
2.000000
2.000000
4.000000
1.000000
1.000000
4.000000
2.000000
12.000000
1.000000
2.000000
8.000000
8.000000
1.000000
2.000000
4.000000
1.000000
12.000000
4.000000
2.000000
8.000000
2.000000
4.000000
12.000000
4.000000
2.000000
1.000000
12.000000
2.000000
8.000000
8.000000
12.000000
0.000000
0.000000
0.000000
0.000000
