Christofides 1_50
=================================
0 556.474 11 155  50 45 10 37 8 49 33 32 44 43 41 39 50
1 538.659 11 152  50 26 0 21 27 30 7 25 6 22 47 5 50
2 464.454 9 152  50 11 4 48 9 29 38 14 18 40 50
3 316.9 8 159  50 46 36 16 3 17 13 24 12 50
4 725.245 11 159  50 31 1 15 28 20 19 34 35 2 23 42 50
INITIAL BEST COST= 2601.73

Christofides 2_75
=================================
0 212.427 7 132  75 74 29 73 27 20 60 68 75
1 162.882 6 139  75 66 6 34 52 10 30 75
2 339.296 9 138  75 25 11 38 71 57 9 37 64 54 75
3 228.663 8 131  75 3 44 28 47 46 35 70 59 75
4 290.546 7 136  75 67 1 61 21 41 63 13 75
5 255.166 7 138  75 16 39 31 43 2 48 58 75
6 376.089 8 138  75 5 32 72 0 42 40 4 24 75
7 302.58 9 136  75 33 51 26 12 56 14 36 19 69 75
8 340.478 8 136  75 50 15 62 22 55 23 17 49 75
9 247.114 6 140  75 45 7 18 53 65 8 75
INITIAL BEST COST= 2755.24


Christofides 3_100
=================================
0 482.833 10 139  100 52 25 53 54 24 38 3 23 28 64 100
1 647.317 14 199  100 26 68 0 49 75 32 80 8 50 19 29 69 30 9 100
2 532.99 13 195  100 27 11 79 67 76 2 78 77 33 34 70 65 89 100
3 798.3 15 198  100 88 17 82 59 4 83 16 44 7 81 47 46 35 45 10 100
4 849.179 12 151  100 57 1 56 86 41 42 14 40 61 62 63 48 100
5 466.188 12 198  100 12 94 96 91 36 97 99 43 13 37 85 18 100
6 472.991 13 197  100 5 93 95 98 58 92 84 90 15 60 51 87 6 100
7 443.065 11 181  100 39 20 72 71 73 21 74 55 22 66 31 100
INITIAL BEST COST= 4692.86

Christofides 4_150
=================================
0 488.83 12 171  150 102 62 16 146 149 18 93 63 41 91 92 98 150
1 300.142 11 186  150 11 55 143 144 141 86 147 110 12 135 87 150
2 716.705 16 191  150 76 31 118 50 0 119 79 21 100 69 27 30 6 68 22 23 150
3 599.601 15 200  150 45 101 26 80 137 47 111 59 7 139 25 112 81 60 85 150
4 592.372 14 187  150 77 125 15 126 52 128 28 127 83 34 84 115 113 42 150
5 259.493 9 179  150 4 75 48 9 53 38 88 72 116 150
6 596.859 14 197  150 138 67 132 109 17 54 133 66 94 24 57 13 56 95 150
7 640.704 13 195  150 107 36 136 43 106 14 51 44 90 64 131 97 96 150
8 365.184 11 200  150 10 99 1 82 130 19 58 2 120 35 114 150
9 469.385 13 195  150 37 61 8 129 49 117 20 78 73 33 103 29 5 150
10 287.101 11 199  150 46 145 148 3 108 142 134 140 65 40 39 150
11 353.901 11 135  150 89 70 122 121 123 32 71 124 105 74 104 150
INITIAL BEST COST= 5670.28


Christofides 5_199
=================================
0 524.509 13 199  199 155 5 58 97 192 15 60 172 83 4 81 107 130 199
1 393.437 12 196  199 52 39 179 20 197 71 72 170 73 132 74 19 199
2 436.682 14 194  199 145 51 152 105 193 6 181 122 18 106 174 10 62 9 199
3 477.555 14 200  199 26 131 68 161 100 69 29 121 50 8 160 102 187 135 199
4 417.935 13 191  199 111 93 94 91 150 36 99 191 118 43 139 37 63 199
5 360.537 13 194  199 27 75 195 115 76 2 157 78 128 168 77 33 183 199
6 345.712 12 191  199 104 25 148 178 109 154 3 138 186 38 185 55 199
7 440.822 12 195  199 88 165 17 113 7 173 45 123 46 167 47 35 199
8 368.077 8 132  199 57 136 86 143 14 42 31 180 199
9 312.415 10 160  199 151 1 177 114 56 144 40 21 196 22 199
10 296.667 11 195  199 166 126 189 30 87 147 61 158 188 89 125 199
11 323.191 11 197  199 110 175 0 49 101 156 32 80 184 119 134 199
12 419.264 13 195  199 153 11 108 176 149 79 67 120 28 23 162 133 34 199
13 491.812 11 182  199 137 194 53 129 164 54 24 169 66 163 70 199
14 418.432 11 195  199 146 117 59 82 198 124 44 16 112 142 48 199
15 230.966 10 197  199 182 95 98 103 92 84 90 190 140 85 199
16 601.646 11 173  199 12 116 96 171 41 141 13 159 127 65 64 199
INITIAL BEST COST= 6859.66

Christofides 11_120
=================================
0 1819.52 16 200  120 87 118 119 72 51 53 56 58 64 44 42 41 40 43 45 48 120
1 1557.5 16 190  120 81 80 92 95 96 78 52 54 57 61 60 39 38 37 36 46 120
2 919.361 15 190  120 86 91 88 90 89 17 113 93 1 0 20 25 22 32 28 120
3 888.217 18 199  120 110 111 116 112 82 5 6 8 9 10 14 13 12 11 7 16 19 31 120
4 1295.96 18 198  120 94 101 100 98 99 115 109 114 67 75 76 77 59 63 65 50 49 47 120
5 852.042 16 199  120 104 105 106 103 102 97 66 68 69 70 73 71 74 79 55 62 120
6 1736.56 21 199  120 85 84 83 117 107 108 4 2 3 15 18 24 23 21 26 29 30 27 34 35 33 120
INITIAL BEST COST= 9069.16


Christofides 12_120
=================================
0 234 7 120  100 19 28 33 35 38 37 36 100
1 458.604 9 200  100 20 27 12 14 18 13 11 99 96 100
2 478.004 8 200  100 21 29 16 17 15 94 92 91 100
3 989.668 17 200  100 66 65 68 67 39 40 41 43 44 47 49 50 79 78 76 72 69 100
4 323.115 9 160  100 64 61 60 63 54 56 58 57 59 100
5 663.794 12 200  100 22 25 9 74 90 88 87 84 83 82 81 77 100
6 217.254 6 200  100 62 73 71 53 52 55 100
7 775.061 12 180  100 23 51 48 46 45 42 89 86 85 80 75 70 100
8 193.334 6 150  100 24 26 31 32 30 34 100
9 526.304 14 200  100 4 2 6 3 5 8 7 10 1 0 97 95 98 93 100
INITIAL BEST COST= 4859.14


Golden 1_240
=================================
0 6155.72 27 550  240 7 8 9 10 50 49 48 47 46 45 86 85 84 83 123 124 125 126 127 128 88 87 167 166 165 205 206 240
1 7127.54 29 550  240 1 0 39 38 37 75 76 77 78 79 119 118 117 116 115 155 156 157 197 196 195 194 234 235 236 237 238 239 200 240
2 5026.43 25 530  240 31 30 29 28 27 65 66 67 68 69 109 108 107 106 146 147 148 149 150 190 189 188 228 229 230 240
3 6521.85 26 500  240 11 12 13 53 52 51 90 91 92 93 94 95 136 135 134 133 132 131 130 129 89 169 168 208 207 209 240
4 7485.99 27 530  240 21 20 19 18 58 59 60 99 100 101 141 140 180 181 182 183 223 222 221 220 219 218 217 216 215 214 213 240
5 6096.42 27 530  240 6 5 4 3 2 44 43 42 41 40 80 81 82 122 121 120 159 158 198 199 160 161 162 163 164 204 203 240
6 5496.4 25 510  240 26 25 24 23 22 64 63 62 61 102 103 104 105 145 144 143 142 184 185 186 187 227 226 225 224 240
7 6412.52 27 550  240 36 35 34 33 32 74 73 72 71 70 110 111 112 113 114 154 153 152 151 191 192 193 233 232 231 201 202 240
8 6903.03 27 550  240 17 16 15 14 54 55 56 57 96 97 98 137 138 139 179 178 177 176 175 174 173 172 171 170 210 211 212 240
INITIAL BEST COST= 57225.9

Golden 2_320
=================================
0 9823.44 32 620  320 22 21 20 19 18 58 59 60 61 62 102 101 100 99 98 97 139 140 180 220 221 222 223 224 264 304 303 263 262 302 295 294 320
1 10860.7 33 670  320 1 0 39 38 37 75 76 77 78 117 116 115 155 156 157 197 196 195 194 234 235 236 237 277 317 316 276 275 315 314 274 273 313 320
2 10727.6 34 700  320 7 8 9 10 48 49 50 51 91 90 89 88 87 86 85 126 125 124 164 165 166 167 168 169 170 171 172 173 131 130 129 128 127 245 320
3 12768.1 33 690  320 11 12 13 54 53 52 92 93 132 133 134 174 175 176 177 217 216 215 214 213 212 211 210 209 249 289 290 250 251 291 292 252 253 320
4 7274.92 28 560  320 31 30 29 28 68 69 70 110 109 108 107 106 146 147 148 149 150 190 189 188 187 186 226 227 228 268 308 307 320
5 12894.3 35 690  320 4 5 6 47 46 45 44 43 84 83 82 81 121 122 123 163 162 161 201 202 203 204 205 206 207 208 248 288 287 247 246 286 285 284 244 320
6 7246.04 29 610  320 23 24 25 26 27 67 66 65 64 63 103 104 105 145 144 143 142 141 181 182 183 184 185 225 265 305 306 266 267 320
7 10378.2 33 650  320 36 35 34 33 32 74 73 72 71 111 112 113 114 154 153 152 151 191 192 193 233 232 231 230 229 269 309 310 270 271 311 312 272 320
8 12839.4 33 650  320 14 15 16 17 57 56 55 96 95 94 135 136 137 138 178 179 219 218 258 298 299 259 260 300 301 261 257 297 296 256 255 254 293 320
9 10862.4 30 560  320 3 2 42 41 40 79 80 119 118 158 159 120 160 199 198 238 239 200 240 280 319 279 278 318 241 281 282 242 243 283 320
INITIAL BEST COST= 105675

Golden 3_400
=================================
0 18637.5 41 830  400 1 0 39 38 37 75 76 77 78 118 117 116 115 155 156 157 158 198 197 196 195 235 236 237 277 317 357 397 396 356 316 276 241 281 282 242 243 283 284 244 245 400
1 14613.4 36 680  400 7 8 9 10 50 49 48 88 89 90 130 129 128 127 126 166 167 168 169 170 171 131 132 133 134 211 251 291 331 371 372 332 292 368 246 285 400
2 17567.7 39 810  400 11 12 13 53 52 51 91 92 93 94 95 96 135 136 137 177 176 175 174 173 172 212 213 214 254 294 334 374 373 333 293 253 252 288 328 367 366 365 325 400
3 19066.6 42 900  400 22 21 20 19 18 58 59 60 61 62 102 101 141 142 143 183 182 181 221 222 223 224 225 265 305 345 385 384 344 304 264 263 303 343 383 382 342 302 262 261 260 300 400
4 15361.6 38 800  400 31 30 29 28 68 69 70 110 109 108 107 106 146 147 148 149 150 190 189 229 230 231 232 272 312 352 392 391 351 311 271 270 310 350 390 349 309 269 400
5 16514 39 730  400 23 24 25 26 27 67 66 65 64 63 103 104 105 145 144 184 185 186 187 188 228 227 226 266 306 346 386 387 347 307 267 268 308 348 388 389 301 341 381 400
6 19539.2 42 900  400 6 5 4 44 45 46 47 87 86 85 84 83 123 124 125 165 164 163 162 202 203 204 205 206 207 208 209 210 250 290 330 370 369 329 289 249 248 247 287 327 326 286 400
7 24151.1 46 820  400 17 16 15 14 54 55 56 57 97 98 99 100 140 139 138 178 179 180 220 219 218 217 216 215 255 295 335 375 376 336 296 256 257 297 337 377 378 338 298 258 259 299 339 379 380 340 400
8 11969.1 35 750  400 36 35 34 33 32 74 73 72 71 111 112 113 114 154 153 152 151 191 192 193 194 234 233 273 313 353 393 394 354 314 274 275 315 355 395 400
9 20617.9 42 780  400 3 2 43 42 41 40 79 119 80 81 82 122 121 120 159 199 160 161 201 200 239 238 278 318 358 398 399 359 319 279 240 280 320 360 361 321 322 362 363 323 324 364 400
INITIAL BEST COST= 178038


Golden 4_480
=================================
0 21962.2 45 990  480 1 0 39 38 37 75 76 77 78 118 117 116 115 155 156 157 158 198 197 237 238 239 200 201 202 242 282 322 362 402 442 441 401 361 321 281 241 240 280 320 360 400 440 479 439 480
1 26423.1 48 1000  480 7 8 9 10 50 49 48 88 89 90 130 131 132 133 134 135 175 174 173 172 171 170 210 209 208 248 288 328 368 408 448 449 409 369 329 289 249 250 290 330 370 410 450 451 411 371 331 291 480
2 43855.5 58 980  480 11 12 13 53 52 51 91 92 93 94 95 96 136 137 177 176 216 217 218 219 220 260 300 340 380 420 460 459 419 379 339 299 259 258 298 338 378 418 458 457 417 416 456 455 415 375 335 295 294 254 214 252 292 332 372 412 452 453 480
3 24488.8 45 810  480 22 21 20 19 18 58 59 60 61 62 102 101 141 142 143 144 145 146 186 185 184 183 223 224 264 304 344 384 424 464 463 423 383 343 303 263 268 308 348 388 428 293 333 373 413 480
4 24432.8 45 910  480 31 30 29 28 68 69 70 109 110 111 150 151 152 192 191 190 189 229 230 231 232 272 312 352 392 432 472 471 431 391 351 311 271 270 310 350 390 430 470 469 429 389 349 309 269 480
5 26863.9 48 1000  480 6 5 4 44 45 46 47 87 86 85 84 83 123 124 125 126 127 128 129 169 168 167 166 206 207 247 287 327 367 407 447 446 406 366 326 286 246 245 285 325 365 405 445 251 211 212 213 253 480
6 22979.7 44 1000  480 17 16 15 14 54 55 56 57 97 98 99 100 140 139 138 178 179 180 181 182 222 221 261 301 341 381 421 461 462 422 382 342 302 262 257 297 337 377 376 336 296 256 255 215 480
7 26788.4 48 1000  480 36 35 34 33 32 74 73 72 71 112 113 114 154 153 193 194 195 196 236 235 234 233 273 313 353 393 433 473 474 434 394 354 314 274 275 315 355 395 435 475 476 436 396 356 316 276 277 317 480
8 26448.8 48 980  480 23 24 25 26 27 67 66 65 64 63 103 104 105 106 107 108 149 148 147 187 188 228 227 226 225 265 305 345 385 425 465 466 426 386 346 306 266 267 307 347 387 427 467 468 334 374 414 454 480
9 32919.6 51 930  480 3 2 43 42 41 40 79 119 80 81 82 122 121 120 159 199 160 161 162 163 164 165 205 204 203 243 283 323 363 403 443 444 404 364 324 284 244 279 319 359 399 398 358 318 278 357 397 437 477 478 438 480
INITIAL BEST COST= 277163


Golden 5_200
=================================
0 19159 36 660  200 0 19 18 17 36 37 38 39 59 58 57 56 76 96 116 136 156 176 196 195 175 155 135 115 95 75 74 94 114 134 154 174 194 78 98 187 200
1 20106.6 36 900  200 7 6 5 4 24 25 45 46 66 86 106 126 146 166 186 185 165 145 125 105 85 65 63 62 61 81 101 121 141 161 181 180 160 179 159 139 200
2 33790.3 48 900  200 11 10 9 8 30 29 28 27 26 47 48 49 50 51 71 91 111 131 151 171 191 190 170 150 130 110 90 70 69 89 109 129 149 169 189 188 168 148 128 108 88 68 67 87 107 127 147 167 200
3 22857.2 40 900  200 16 15 14 13 12 31 32 33 34 35 55 54 53 52 72 92 112 132 152 172 192 193 173 153 133 113 93 73 77 97 117 137 157 177 197 198 178 158 138 118 200
4 24641.5 40 640  200 1 2 3 23 22 21 20 40 41 42 43 44 64 84 104 124 144 164 184 183 163 143 123 103 83 82 102 122 142 162 182 140 120 100 80 60 79 99 119 199 200
INITIAL BEST COST= 120555


Golden 6_280
=================================
0 13017.6 31 630  280 19 20 21 50 49 48 47 75 76 104 103 131 159 187 215 243 271 270 242 214 186 158 130 129 132 133 161 189 217 245 273 280
1 24598.1 43 890  280 1 0 27 26 54 55 28 82 83 56 57 85 84 111 110 109 137 165 193 221 249 277 278 250 222 194 166 138 139 167 195 223 251 279 252 224 196 168 140 112 113 141 169 280
2 28450.1 47 890  280 10 9 8 7 33 34 35 36 37 38 66 65 64 63 91 92 93 94 95 96 97 125 153 181 209 237 265 264 236 208 180 179 207 235 263 262 261 260 232 204 176 175 203 231 259 258 230 280
3 24555 43 890  280 11 12 13 14 42 41 40 39 67 68 69 70 98 99 127 155 183 211 239 267 266 238 210 182 154 126 124 152 151 123 122 150 178 206 234 233 205 177 149 121 120 148 147 280
4 18386.8 37 710  280 22 23 24 25 53 52 51 81 80 79 78 77 105 106 107 108 136 164 192 220 248 276 275 247 219 191 163 135 134 162 190 218 246 274 197 225 253 280
5 17281.6 35 690  280 15 16 17 18 46 45 44 43 71 72 73 74 102 101 100 128 156 184 212 240 268 269 241 213 185 157 160 188 216 244 272 118 146 174 202 280
6 23782.4 44 900  280 6 5 4 3 2 32 31 30 29 58 59 60 61 62 90 89 88 87 86 114 142 170 198 226 254 255 227 199 171 143 115 116 144 172 200 228 256 257 229 201 173 145 117 119 280
INITIAL BEST COST= 150072


Golden 7_360
=================================
0 23571.4 44 900  360 25 20 19 17 53 54 55 56 57 94 93 92 91 127 128 129 165 164 163 162 161 197 233 269 305 341 342 306 270 234 198 199 235 271 307 343 344 308 272 236 200 237 345 228 360
1 27618.6 48 900  360 5 4 3 0 36 38 39 40 41 76 75 74 73 72 108 109 110 111 147 146 145 144 179 178 214 215 251 287 323 359 324 288 252 216 180 181 217 253 289 325 326 290 254 255 291 327 89 201 360
2 24550.8 46 920  360 2 6 7 8 10 46 45 44 43 42 78 79 80 116 115 114 113 112 148 149 150 151 187 223 259 295 331 330 294 258 222 221 257 293 329 328 292 256 220 184 183 219 218 182 185 186 360
3 26549.8 46 900  360 14 12 11 9 47 48 49 85 84 83 82 81 117 118 119 120 121 156 155 154 153 152 188 224 260 296 332 333 297 261 262 298 334 335 299 263 227 226 190 189 225 191 264 300 336 346 360
4 24933.7 44 900  360 13 15 16 18 52 51 50 86 87 88 90 126 125 124 123 122 157 158 159 160 196 232 268 304 340 339 303 267 231 195 194 230 266 302 338 337 301 265 229 193 192 77 30 313 360
5 21204.7 44 900  360 1 33 31 29 28 27 61 62 63 64 65 66 102 101 100 99 135 136 137 138 174 173 172 171 207 243 279 315 351 352 316 280 244 208 209 281 317 353 354 318 282 246 278 350 360
6 22159 43 890  360 21 22 23 24 26 60 59 58 95 96 97 98 134 133 132 131 130 166 167 168 204 240 276 312 348 347 311 275 239 203 202 238 274 273 309 310 277 241 242 206 170 169 205 360
7 24184.8 45 890  360 32 34 35 37 71 70 69 68 67 103 104 105 106 107 143 142 141 140 139 175 176 177 213 250 286 322 358 357 321 285 249 212 248 284 320 356 355 319 283 247 211 210 245 314 349 360
INITIAL BEST COST= 194773


Golden 8_440
=================================
0 14860.4 42 900  440 5 4 3 2 1 0 44 45 46 47 48 49 93 92 91 90 89 133 134 135 136 137 138 182 181 180 179 223 267 266 265 264 307 306 305 349 393 437 438 394 395 351 440
1 21718 46 900  440 36 35 34 33 78 77 76 75 119 120 121 122 166 165 164 163 162 161 160 204 205 206 207 208 209 253 252 251 250 249 248 335 336 380 424 425 381 337 338 382 426 427 383 339 340 384 440
2 21994 45 890  440 32 31 30 29 28 72 73 74 118 117 116 115 114 159 158 157 201 202 203 247 246 290 291 292 293 294 295 296 297 298 299 300 344 388 432 431 387 343 342 386 430 429 385 379 423 440
3 20674.5 48 900  440 6 7 8 9 10 11 55 54 53 52 51 50 94 95 96 97 98 99 100 143 142 141 140 139 183 227 226 225 224 268 269 270 271 272 316 360 404 403 359 315 314 358 402 401 357 313 312 356 440
4 19710.7 42 880  440 19 20 21 22 67 66 65 64 63 107 108 109 153 152 196 197 198 242 241 240 239 238 237 236 280 281 282 326 370 414 413 369 325 324 368 412 411 367 323 334 378 422 440
5 21589.4 41 870  440 12 13 56 57 58 101 102 103 104 148 147 146 145 144 188 187 186 185 184 228 229 230 231 232 276 275 274 273 317 361 405 406 362 318 322 311 355 399 398 354 310 440
6 26531.3 49 890  440 23 24 25 26 27 71 70 69 68 113 112 111 110 154 155 156 200 199 243 244 245 289 288 287 286 285 284 283 327 371 415 416 372 328 329 373 417 418 374 330 331 375 419 420 376 332 333 377 421 440
7 23560 47 890  440 43 42 41 87 86 85 84 83 127 128 129 130 131 88 132 175 174 173 217 218 219 176 177 178 222 221 220 263 262 261 260 304 348 392 436 435 391 347 346 350 308 352 309 353 397 396 439 440
8 15962 39 830  440 18 17 16 15 14 59 60 61 62 106 105 149 150 151 195 194 193 192 191 190 189 233 234 235 279 278 277 321 365 409 408 364 320 319 363 407 366 410 400 440
9 16492.2 41 850  440 40 39 38 37 79 80 81 82 126 125 124 123 167 168 169 170 171 172 216 215 214 213 212 211 210 254 255 256 257 258 259 303 302 301 345 389 433 434 390 341 428 440
INITIAL BEST COST= 203093



Golden 9_255
=================================
0 209.304 15 998  255 0 9 14 20 27 35 44 54 65 78 91 77 90 105 120 255
1 209.304 15 979  255 1 13 19 26 34 43 53 64 76 89 103 118 133 149 134 255
2 137.941 11 978  255 3 23 39 49 71 84 112 127 143 157 171 255
3 449.005 21 974  255 2 21 28 56 67 80 93 108 123 138 152 137 151 165 178 190 201 211 219 210 200 255
4 521.694 22 983  255 4 25 33 62 74 87 101 116 131 147 161 175 187 198 208 218 209 248 243 247 250 246 255
5 288.705 17 993  255 6 22 29 47 57 69 95 110 125 140 154 168 181 192 202 212 220 255
6 319.415 18 992  255 7 24 32 50 61 85 99 114 129 145 159 173 185 196 206 216 224 232 255
7 356.761 18 983  255 11 38 58 70 82 96 126 141 155 169 182 193 203 213 221 229 235 228 255
8 494.882 20 821  255 5 36 45 55 66 79 92 107 122 106 121 136 150 135 119 104 240 245 249 241 255
9 472.653 19 764  255 8 42 52 63 75 88 102 117 132 148 162 176 188 199 163 251 253 254 252 255
10 455.284 21 988  255 10 15 37 46 68 81 94 109 124 139 153 167 180 191 179 166 189 177 164 227 234 255
11 473.634 22 989  255 12 18 41 51 73 86 100 115 130 146 160 174 186 197 207 217 225 233 239 244 238 226 255
12 310.649 17 992  255 16 30 48 59 83 97 111 142 156 170 183 194 204 214 222 230 236 255
13 366.83 19 995  255 17 31 40 60 72 98 113 128 144 158 172 184 195 205 215 223 231 237 242 255
INITIAL BEST COST= 5066.06



Golden 10_323
=================================
0 297.966 17 1000  323 0 15 37 46 56 67 93 107 123 139 157 174 190 206 220 234 246 323
1 273.805 16 991  323 1 18 41 51 62 86 100 114 146 163 181 197 212 227 241 254 323
2 136.184 11 996  323 3 23 39 49 71 84 97 112 127 161 178 323
3 576.999 23 994  323 2 14 20 27 35 44 54 65 77 90 104 120 136 119 135 153 170 152 313 309 314 318 320 323
4 381.838 20 913  323 4 19 26 34 43 53 64 76 89 103 118 133 150 134 151 168 186 202 217 169 323
5 286.948 17 990  323 6 22 29 47 57 69 81 94 109 141 159 176 192 208 222 236 249 323
6 323.515 18 999  323 7 24 32 50 61 73 99 113 129 145 180 196 211 226 240 253 264 274 323
7 355.004 18 980  323 11 38 58 70 82 95 110 125 142 177 193 209 223 237 250 261 271 281 323
8 774.8 27 933  323 5 36 45 79 92 106 122 138 156 173 189 205 219 204 218 232 245 257 268 278 287 295 302 308 303 296 233 323
9 805.187 25 884  323 8 42 52 101 116 131 148 165 183 199 214 229 215 200 231 301 307 312 316 311 305 310 315 321 322 323
10 595.613 24 989  323 10 21 28 68 80 108 124 140 158 175 191 207 221 235 248 260 270 259 247 258 269 279 288 280 323
11 697.569 26 1000  323 12 25 33 74 87 115 130 147 164 182 198 213 228 242 255 243 256 267 277 266 276 265 275 284 292 319 323
12 308.891 17 997  323 16 30 48 59 83 96 111 126 143 160 194 210 224 238 251 262 272 323
13 369.759 19 1000  323 17 31 40 60 72 85 98 128 144 162 179 195 225 239 252 263 273 282 290 323
14 560.076 20 697  323 9 55 66 78 91 105 121 137 155 172 154 171 188 203 187 289 297 304 298 317 323
15 742.995 25 832  323 13 63 75 88 102 117 132 149 166 184 167 185 201 216 230 244 286 294 285 293 300 306 299 291 283 323
INITIAL BEST COST= 7487.15


Golden 11_399
=================================
0 345.068 19 990  399 0 14 20 27 35 44 54 65 77 90 104 119 135 152 171 190 170 189 209 399
1 313.955 18 983  399 1 19 26 34 43 53 64 76 89 103 118 134 150 167 186 168 151 169 399
2 139.113 11 996  399 3 23 39 59 71 97 111 126 143 160 179 399
3 867.578 28 994  399 2 28 36 79 92 122 138 155 174 193 213 232 249 266 281 295 309 322 334 345 363 354 344 333 390 394 391 395 399
4 773.869 27 990  399 4 33 42 87 101 131 147 164 183 202 222 241 258 275 291 305 318 331 319 306 292 277 293 307 320 332 343 399
5 346.817 18 988  399 6 22 38 47 82 95 109 141 159 177 197 217 253 270 285 299 313 326 399
6 330.787 18 1000  399 7 24 40 50 72 85 99 113 128 162 180 200 238 255 272 288 302 329 399
7 405.488 19 1000  399 11 48 70 83 96 110 125 142 178 198 218 236 254 286 300 314 327 338 357 399
8 519.922 20 679  399 5 45 55 106 121 137 154 173 192 212 231 248 265 280 264 279 294 308 321 263 399
9 935.828 28 884  399 8 52 63 116 132 148 165 184 203 223 242 259 276 260 243 261 244 226 245 262 278 353 362 370 377 383 388 392 399
10 570.078 24 990  399 10 29 37 57 68 80 108 123 157 176 195 215 234 251 268 283 297 311 324 336 347 356 365 373 399
11 531.331 23 998  399 12 32 41 61 73 86 114 129 145 163 181 220 239 256 273 289 303 316 340 350 359 367 349 399
12 503.112 22 982  399 16 30 58 69 81 94 124 140 158 196 216 235 252 269 284 298 312 325 337 348 358 366 399
13 376.788 19 999  399 17 31 49 60 84 98 112 127 144 161 199 219 237 271 287 301 315 328 339 399
14 840.023 25 741  399 9 66 78 91 105 120 136 153 172 191 211 230 247 229 210 228 246 371 378 384 389 393 396 398 397 399
15 866.145 26 792  399 13 75 88 102 117 133 149 166 185 204 224 205 225 206 187 207 188 208 227 342 352 361 369 376 382 387 399
16 675.438 26 978  399 18 25 51 62 74 100 115 130 146 182 201 221 240 257 274 290 304 317 330 341 351 360 368 375 381 374 399
17 769.064 28 996  399 15 21 46 56 67 93 107 139 156 175 194 214 233 250 267 282 296 310 323 335 346 355 364 372 379 385 380 386 399
INITIAL BEST COST= 10110.4


Golden 12_483
=================================
0 345.068 19 990  483 0 14 20 27 35 44 54 65 77 90 104 119 135 152 171 190 170 189 210 483
1 345.068 19 1000  483 1 19 26 34 43 53 64 76 89 103 118 134 150 168 151 169 187 207 188 483
2 226.27 14 984  483 3 30 48 70 82 110 125 142 159 178 218 239 261 301 483
3 919.671 29 981  483 2 28 36 79 92 138 155 174 193 214 235 256 277 296 315 333 350 365 349 332 348 364 378 406 418 407 419 430 440 483
4 874.014 29 1000  483 4 33 42 87 101 131 147 165 184 203 224 245 267 288 307 326 308 327 344 360 375 389 402 415 427 416 404 391 390 483
5 455.584 21 990  483 6 22 47 57 81 94 108 140 158 176 196 238 259 280 299 318 336 353 368 383 396 483
6 367.497 19 1000  483 7 24 40 50 72 85 99 113 145 163 181 221 242 264 285 304 323 341 403 483
7 367.137 18 999  483 11 39 59 83 96 126 143 160 179 198 240 262 282 320 338 355 370 397 483
8 1358.09 34 974  483 5 45 55 106 121 137 154 173 192 213 234 255 276 295 275 294 313 330 347 363 331 314 439 448 456 449 457 464 458 451 459 465 443 467 483
9 1315.81 35 988  483 8 52 63 116 132 148 166 185 204 225 246 268 247 269 289 309 290 310 291 271 292 311 329 346 328 345 361 376 437 446 454 461 453 460 452 483
10 681.476 26 989  483 10 29 37 68 80 93 123 139 157 195 216 237 258 279 298 317 335 352 367 382 395 408 420 409 421 431 483
11 569.492 24 988  483 12 32 41 61 73 86 114 129 146 182 201 222 243 265 286 305 324 342 358 373 387 400 412 424 483
12 552.779 23 991  483 16 38 58 69 95 109 124 141 177 197 217 260 281 300 319 337 354 369 384 398 410 422 432 483
13 387.332 19 990  483 17 31 49 71 97 111 127 144 161 199 219 241 283 302 321 339 356 371 385 483
14 1575.41 37 960  483 9 66 78 91 105 120 136 153 172 191 212 233 211 232 254 274 253 231 209 230 252 273 293 312 447 455 462 468 463 469 474 470 475 478 480 477 473 483
15 1418.92 34 919  483 13 75 88 102 117 133 149 167 186 205 226 206 227 248 270 249 228 208 229 250 272 251 362 377 435 444 434 466 471 476 479 481 482 472 483
16 896.232 30 983  483 15 21 46 56 67 107 122 156 175 194 215 236 257 278 297 316 334 351 366 381 394 380 393 379 392 405 417 428 438 429 483
17 768.478 28 985  483 18 25 51 62 74 100 115 130 164 183 202 223 244 266 287 306 325 343 359 374 388 401 413 425 414 426 436 445 483
18 681.044 25 990  483 23 60 84 98 112 128 162 180 200 220 263 284 303 322 340 357 372 386 399 411 423 433 442 450 441 483
INITIAL BEST COST= 14105.4


Golden 13_252
=================================
0 87.0972 8 987  252 0 13 33 61 97 141 142 194 252
1 98.6032 8 959  252 2 37 67 66 65 103 102 148 252
2 147.186 10 987  252 3 40 70 108 154 155 210 209 208 207 252
3 120.238 9 948  252 5 44 76 116 115 163 162 218 219 252
4 143.872 10 999  252 6 47 79 119 120 168 224 225 226 227 252
5 120.238 9 936  252 8 51 85 127 177 176 175 233 232 252
6 87.0972 8 987  252 9 28 54 88 130 180 181 239 252
7 98.6032 8 959  252 11 58 94 93 92 136 135 187 252
8 95.7401 8 999  252 1 14 34 62 98 99 143 195 252
9 80.8112 7 970  252 4 19 42 72 73 111 112 252
10 80.8112 7 970  252 7 24 49 83 82 122 123 252
11 95.7401 8 999  252 10 29 55 89 131 132 182 240 252
12 197.188 12 996  252 12 32 60 96 140 191 190 250 251 192 193 196 252
13 178.99 10 858  252 26 52 86 128 178 236 235 234 244 246 252
14 168.089 11 969  252 31 59 95 139 138 137 189 188 248 247 249 252
15 199.916 10 876  252 22 46 78 118 166 167 223 222 145 200 252
16 168.089 11 969  252 16 38 68 106 105 104 150 149 203 202 204 252
17 237.188 12 996  252 17 39 69 107 153 152 151 205 206 211 212 201 252
18 251.107 11 936  252 21 45 77 117 165 164 220 221 144 197 199 252
19 213.188 12 996  252 27 53 87 129 179 237 238 241 242 243 185 186 252
20 155.765 10 996  252 15 36 35 63 64 100 101 147 146 198 252
21 182.425 11 966  252 18 41 71 109 110 156 157 158 159 215 214 252
22 186.749 11 988  252 20 43 75 74 114 113 161 160 216 217 213 252
23 182.425 11 985  252 23 48 80 81 121 169 170 171 172 228 229 252
24 159.765 10 996  252 30 57 56 90 91 133 134 184 183 245 252
25 155.765 10 909  252 25 50 84 126 125 124 174 173 231 230 252
INITIAL BEST COST= 3892.69

Golden 14_320
=================================
0 154.751 10 979  320 1 33 61 97 141 142 194 193 253 250 320
1 159.746 10 971  320 3 37 67 105 151 205 204 266 267 148 320
2 162.787 10 987  320 4 40 70 108 154 210 211 212 213 159 320
3 185.143 10 1000  320 6 44 76 115 163 219 164 285 222 110 320
4 152.912 10 975  320 7 47 79 119 120 168 224 289 290 291 320
5 156.191 10 983  320 9 51 85 127 126 176 234 233 298 297 320
6 152.899 10 999  320 10 54 88 130 180 238 239 240 241 132 320
7 163.951 10 996  320 0 58 94 138 137 136 188 315 314 316 320
8 174.665 10 992  320 2 35 65 103 102 147 146 200 262 264 320
9 107.898 8 1039  320 5 19 42 72 73 113 161 116 320
10 81.454 7 998  320 8 24 50 49 82 122 123 320
11 83.1109 7 970  320 11 29 56 90 91 133 134 320
12 242.826 13 998  320 12 32 60 96 140 192 252 319 251 318 317 244 311 320
13 287.585 13 999  320 16 38 68 106 152 206 268 269 270 275 160 286 287 320
14 224.287 13 998  320 17 39 69 107 153 207 208 209 271 272 273 274 276 320
15 200.133 12 997  320 31 59 95 139 191 190 189 249 248 247 185 313 320
16 222.287 13 998  320 21 45 77 117 165 221 220 284 283 282 281 280 216 320
17 202.301 12 997  320 22 46 78 118 166 167 223 288 225 226 171 172 320
18 196.845 12 984  320 26 52 86 128 178 177 235 301 300 299 232 124 320
19 222.287 13 990  320 27 53 87 129 179 237 236 302 303 304 305 306 307 320
20 213.084 12 984  320 13 34 62 98 99 143 144 196 195 255 254 256 320
21 211.084 12 989  320 28 55 89 131 181 182 183 184 242 308 309 243 320
22 215.084 12 971  320 15 36 66 104 150 149 203 202 201 263 261 199 320
23 187.636 11 987  320 18 41 71 109 155 156 157 158 112 111 214 320
24 219.084 12 994  320 20 43 75 74 114 162 218 217 215 279 278 277 320
25 185.738 11 959  320 23 48 80 81 121 169 170 227 228 229 293 320
26 190.709 11 951  320 30 57 93 92 135 187 186 246 245 312 310 320
27 263.468 13 996  320 25 84 83 125 175 174 173 231 230 296 295 294 292 320
28 288.075 13 991  320 14 63 64 100 101 145 197 257 258 198 259 260 265 320
INITIAL BEST COST= 5508.02

Golden 15_396
=================================
0 150.499 10 966  396 0 33 62 98 142 143 195 196 256 324 396
1 169.506 11 983  396 2 37 67 105 151 205 267 266 336 337 338 396
2 143.872 10 988  396 3 40 70 108 154 155 156 210 211 273 396
3 169.506 11 983  396 5 44 76 116 164 220 284 283 355 356 357 396
4 143.872 10 988  396 6 47 79 119 167 168 169 225 226 290 396
5 169.506 11 983  396 8 51 85 127 177 235 301 300 374 375 376 396
6 143.872 10 980  396 9 54 88 130 180 181 182 240 306 307 396
7 169.506 11 988  396 11 58 94 138 190 250 318 317 316 392 393 396
8 171.965 10 1000  396 1 35 64 102 101 147 146 198 199 261 396
9 165.338 10 979  396 4 42 74 114 162 161 217 216 215 279 396
10 165.338 10 979  396 7 49 83 125 175 174 232 231 230 296 396
11 165.338 10 980  396 10 56 92 136 188 187 186 246 314 313 396
12 428.131 15 983  396 12 61 97 141 193 194 254 255 323 325 326 327 328 369 368 396
13 240.287 13 962  396 16 38 68 106 152 206 268 269 270 340 339 344 346 396
14 224.287 13 983  396 17 39 69 107 153 207 208 209 271 272 342 343 341 396
15 355.386 14 999  396 31 59 95 139 191 251 319 395 394 320 387 386 385 370 396
16 240.287 13 962  396 21 45 77 117 165 221 285 286 287 359 358 363 365 396
17 224.287 13 983  396 22 46 78 118 166 222 223 224 288 289 361 362 360 396
18 241.155 13 967  396 26 52 86 128 178 236 302 303 304 378 377 308 384 396
19 222.287 13 978  396 27 53 87 129 179 237 238 239 305 379 380 381 382 396
20 219.368 12 976  396 13 34 63 99 100 144 145 197 257 258 259 260 396
21 211.084 12 999  396 28 55 89 131 132 133 183 241 242 243 309 383 396
22 241.743 13 975  396 15 36 66 104 150 204 203 265 264 263 333 334 335 396
23 211.084 12 1000  396 18 41 71 109 110 111 157 158 212 274 275 345 396
24 241.743 13 975  396 20 43 75 115 163 219 218 282 281 280 352 353 354 396
25 211.084 12 1000  396 23 48 80 120 121 122 170 171 227 291 292 364 396
26 241.743 13 978  396 30 57 93 137 189 249 248 247 315 391 390 389 388 396
27 241.743 13 975  396 25 50 84 126 176 234 233 299 298 297 371 372 373 396
28 363.478 14 966  396 14 65 103 149 148 202 201 200 262 332 331 330 329 366 396
29 244.046 12 956  396 19 72 73 113 112 160 159 213 214 276 277 278 396
30 244.046 12 956  396 24 81 82 124 123 173 172 228 229 295 294 293 396
31 244.046 12 956  396 29 90 91 135 134 184 185 245 244 312 311 310 396
32 565.824 15 918  396 32 60 96 140 192 252 253 321 322 347 348 349 350 351 367 396
INITIAL BEST COST= 7585.27

Golden 16_480
=================================
0 176.962 11 973  480 0 33 62 98 142 194 254 322 323 324 400 480
1 176.962 11 999  480 2 37 66 104 150 204 203 202 264 334 412 480
2 176.962 11 996  480 3 40 71 109 155 209 210 272 273 343 344 480
3 176.962 11 978  480 5 44 75 115 163 219 283 282 354 353 433 480
4 176.962 11 996  480 6 47 80 120 168 224 225 289 290 362 363 480
5 169.506 11 996  480 8 51 85 127 177 235 234 300 301 375 374 480
6 143.872 10 971  480 9 54 88 130 180 181 239 240 306 307 480
7 169.506 11 996  480 11 58 94 138 190 250 249 317 316 392 391 480
8 200.693 11 999  480 1 35 64 100 144 196 197 198 258 326 402 480
9 171.965 10 966  480 4 42 73 113 161 160 216 215 279 351 480
10 171.965 10 1000  480 7 49 82 122 123 171 172 228 229 293 480
11 165.338 10 1000  480 10 56 92 136 135 187 186 246 245 313 480
12 474.647 16 992  480 12 61 97 141 193 253 321 397 398 399 396 385 384 383 382 381 480
13 257.386 14 984  480 26 52 86 128 178 236 302 303 377 376 458 457 456 459 480
14 222.287 13 960  480 27 53 87 129 179 237 238 304 305 379 378 460 461 480
15 358.666 16 982  480 22 79 119 167 223 287 288 360 361 441 442 443 444 445 446 447 480
16 349.095 15 955  480 16 67 105 151 205 267 266 265 335 413 411 333 329 405 404 480
17 255.953 13 856  480 17 70 108 154 208 270 271 341 342 420 421 422 419 480
18 377.524 14 888  480 21 76 116 164 220 284 356 355 435 434 436 448 453 455 480
19 253.386 14 984  480 31 59 95 139 191 251 319 318 394 393 477 476 475 474 480
20 226.824 12 979  480 15 36 65 102 101 145 146 200 199 259 260 330 480
21 226.824 12 979  480 18 41 72 111 112 158 159 213 214 278 277 347 480
22 284.344 14 997  480 20 43 74 114 162 218 217 281 280 352 432 431 430 429 480
23 250.856 13 992  480 23 48 81 121 169 170 226 227 291 292 364 365 366 480
24 241.743 13 992  480 30 57 93 137 189 188 248 247 315 314 390 389 388 480
25 241.743 13 987  480 25 50 84 126 176 175 233 232 298 299 373 372 454 480
26 211.084 12 984  480 28 55 89 131 132 182 183 241 242 308 309 310 480
27 290.344 14 999  480 13 34 63 99 143 195 255 256 257 325 401 403 327 328 480
28 418.005 16 984  480 19 110 156 157 211 212 274 275 276 346 345 423 424 425 426 348 480
29 277.589 13 998  480 29 90 91 133 134 184 185 243 244 312 311 387 386 480
30 313.133 14 997  480 24 83 125 124 174 173 231 230 296 297 371 370 369 295 480
31 418.005 16 988  480 14 103 149 148 147 201 263 262 261 331 332 410 409 408 407 406 480
32 448.208 17 962  480 32 60 96 140 192 252 320 395 479 478 473 472 471 470 469 468 467 480
33 466.752 17 982  480 46 78 118 166 222 286 358 359 439 440 294 368 367 449 450 451 452 480
34 306.079 13 799  480 45 77 117 165 221 285 357 437 438 350 349 428 427 480
35 324.323 13 804  480 38 68 106 152 206 268 338 337 336 414 415 380 462 480
36 479.086 15 878  480 39 69 107 153 207 269 339 340 418 417 416 463 464 465 466 480
INITIAL BEST COST= 10051.6

Golden 17_240
=================================
0 129.498 11 190  240 44 49 104 109 50 51 110 111 10 70 171 240
1 202.294 13 200  240 45 54 105 114 55 56 115 116 175 176 130 231 198 240
2 129.498 11 190  240 20 25 80 85 26 27 86 87 7 67 147 240
3 195.135 13 200  240 21 30 81 90 31 32 91 92 151 152 127 207 219 240
4 171.033 13 190  240 12 17 72 77 18 19 78 137 192 180 197 138 139 240
5 169.216 12 190  240 53 14 113 74 173 15 16 75 76 11 135 222 240
6 190.199 14 200  240 29 38 89 98 149 39 40 99 158 209 159 160 128 220 240
7 178.022 12 190  240 36 41 96 101 42 43 102 103 9 162 221 195 240
8 151.827 11 200  240 28 88 93 148 122 182 208 213 155 215 188 240
9 204.396 12 200  240 52 112 117 172 125 185 232 237 238 179 239 214 240
10 151.896 11 200  240 13 73 82 133 121 193 202 144 126 204 186 240
11 203.894 12 200  240 37 97 106 157 124 217 226 227 168 129 228 203 240
12 111.78 9 200  240 1 61 140 145 200 181 205 146 206 240
13 111.78 9 200  240 4 64 164 169 224 184 229 170 230 240
14 89.9679 8 200  240 3 63 156 123 216 161 183 218 240
15 96.2631 8 200  240 0 60 132 120 233 134 194 191 240
16 116.253 9 190  240 2 62 141 150 201 210 211 212 187 240
17 116.253 9 190  240 5 65 165 174 225 234 235 236 190 240
18 164.685 11 200  240 46 47 48 107 166 167 108 69 163 223 189 240
19 161.55 11 200  240 57 58 59 118 177 178 119 71 136 131 196 240
20 135.025 10 190  240 33 34 35 94 153 154 95 8 100 68 240
21 160.428 11 200  240 22 23 24 83 142 143 84 6 79 66 199 240
INITIAL BEST COST= 3340.89

Golden 18_300
=================================
0 239.663 13 200  300 20 1 80 85 140 145 146 205 206 207 266 262 230 300
1 179.275 13 200  300 21 30 81 90 31 32 91 92 151 67 152 212 271 300
2 161.788 12 200  300 44 49 104 109 50 51 110 10 111 171 190 291 300
3 177.843 13 200  300 45 54 105 114 55 56 115 116 175 176 130 231 290 300
4 272.755 13 230  300 12 72 77 132 137 138 197 198 199 258 186 3 279 300
5 254.917 15 230  300 36 96 63 101 156 161 216 162 221 276 281 282 283 249 288 300
6 228.377 14 190  300 53 113 74 173 134 233 135 194 293 254 255 256 191 299 300
7 167.048 11 190  300 29 89 98 149 158 159 218 243 219 220 248 300
8 175.858 11 200  300 37 97 106 157 217 226 277 244 289 245 131 300
9 192.162 12 190  300 52 112 117 172 232 185 237 292 294 295 296 250 300
10 188.421 11 200  300 13 73 82 133 142 193 202 253 7 6 251 300
11 153.582 11 200  300 28 88 62 93 148 208 213 268 242 270 121 300
12 140.475 8 200  300 61 200 181 260 241 265 187 267 300
13 133.021 9 190  300 164 124 169 224 184 284 229 170 70 300
14 195.791 8 200  300 123 209 183 269 278 280 129 65 300
15 170.877 8 200  300 120 192 180 252 257 259 246 71 300
16 169.678 10 200  300 141 122 150 201 182 261 210 211 272 247 300
17 208.495 10 200  300 125 165 174 225 285 234 235 236 60 2 300
18 183.701 12 200  300 5 57 58 59 118 177 178 179 238 297 298 239 300
19 168.003 11 190  300 33 34 35 94 153 154 68 155 214 273 274 300
20 193.433 12 200  300 22 23 24 83 84 143 66 144 203 204 263 264 300
21 201.021 12 200  300 64 46 47 48 107 166 167 168 227 286 287 228 300
22 180.78 11 200  300 14 15 16 75 76 11 119 136 195 196 4 300
23 165.061 11 200  300 41 42 43 102 103 9 108 163 222 223 189 300
24 171.694 11 190  300 38 39 40 99 100 8 95 160 215 188 275 300
25 116.314 9 200  300 0 17 18 19 78 79 139 126 240 300
26 161.012 9 200  300 25 26 27 86 87 147 127 128 69 300
INITIAL BEST COST= 4951.04


Golden 19_360
=================================
0 343.421 16 200  360 45 105 114 165 174 225 234 285 245 345 294 354 355 356 351 340 360
1 254.276 13 200  360 20 80 85 140 145 146 205 206 266 325 327 307 271 360
2 202.377 12 200  360 21 81 90 141 150 151 210 211 127 212 330 248 360
3 201.765 13 200  360 44 4 104 109 164 169 170 229 230 231 290 349 350 360
4 194.756 12 200  360 36 42 43 9 108 69 163 222 223 228 288 283 360
5 216.337 13 190  360 29 89 98 149 158 159 160 219 278 279 280 188 275 360
6 135.655 10 200  360 12 18 19 6 84 66 139 126 204 199 360
7 137.123 10 200  360 53 15 16 11 119 71 136 131 239 299 360
8 198.674 13 200  360 13 73 82 133 142 193 202 253 241 313 301 263 264 360
9 196.264 12 190  360 52 112 117 172 177 178 179 238 298 358 359 311 360
10 160.552 12 180  360 28 88 93 148 153 208 213 268 242 328 273 302 360
11 213.738 13 200  360 37 97 106 157 166 217 184 226 277 337 189 347 348 360
12 98.6955 8 200  360 1 61 121 200 181 260 265 320 360
13 123.274 8 200  360 64 124 224 284 244 289 344 70 360
14 96.6311 8 200  360 3 63 123 209 218 269 243 329 360
15 103.376 8 200  360 0 60 120 180 293 254 353 314 360
16 98.6955 8 200  360 2 62 122 201 182 261 270 321 360
17 86.3475 7 190  360 5 65 125 232 185 297 357 360
18 185.772 11 190  360 46 47 48 107 167 168 227 286 287 346 249 360
19 222.816 12 200  360 22 23 24 83 143 144 203 262 322 323 324 306 360
20 234.533 13 190  360 33 34 35 94 95 154 155 214 215 274 333 334 335 360
21 180.156 10 180  360 57 58 59 118 237 292 352 305 291 310 360
22 147.174 9 170  360 14 74 75 76 135 196 191 251 316 360
23 235.998 12 200  360 17 77 78 79 138 198 257 258 317 318 319 246 360
24 118.688 9 200  360 38 39 40 99 100 8 68 128 220 360
25 202.582 11 200  360 41 101 102 103 162 221 336 303 338 339 308 360
26 120.079 9 200  360 49 50 51 110 10 111 171 130 190 360
27 198.775 12 200  360 54 55 56 115 116 175 176 235 236 295 296 250 360
28 199.075 11 200  360 25 26 27 86 7 87 147 272 331 332 247 360
29 175.386 11 200  360 30 31 32 91 92 67 152 207 187 267 326 360
30 187.036 11 200  360 72 132 137 192 197 252 240 312 300 259 186 360
31 261.571 11 200  360 113 173 134 233 194 195 255 256 315 304 129 360
32 230.672 12 200  360 96 156 161 216 183 276 281 282 341 342 343 309 360
INITIAL BEST COST= 5962.27

Golden 20_420
=================================
0 260.709 14 200  420 44 104 109 164 169 170 171 230 289 349 404 409 410 250 420
1 394.277 16 200  420 45 105 114 165 174 175 176 235 294 295 354 405 414 415 416 379 420
2 378.921 16 200  420 20 80 85 140 145 146 147 206 265 266 325 380 385 386 387 398 420
3 264.798 14 200  420 21 81 90 141 150 151 152 211 270 330 381 390 391 367 420
4 137.261 9 200  420 36 42 43 69 163 129 223 282 249 420
5 129.74 9 200  420 12 18 19 6 66 139 126 258 377 420
6 176.998 10 200  420 29 39 40 68 160 128 188 275 335 395 420
7 130.954 9 200  420 53 15 16 11 71 136 131 255 316 420
8 238.901 12 200  420 52 58 59 119 179 238 239 191 299 359 419 371 420
9 268.085 13 200  420 37 47 48 108 168 227 228 189 283 288 347 348 342 420
10 308.077 13 200  420 13 23 24 84 144 203 204 186 264 323 324 384 110 420
11 371.717 12 200  420 28 34 35 95 155 214 215 334 394 368 331 403 420
12 109.492 8 200  420 1 61 121 200 205 260 320 2 420
13 112.267 8 200  420 4 64 124 224 229 284 344 310 420
14 119.78 8 200  420 3 123 183 269 278 329 303 338 420
15 103.376 8 200  420 0 60 120 180 293 254 353 314 420
16 121.551 8 200  420 62 122 201 182 210 261 321 8 420
17 96.6314 8 200  420 5 65 125 225 234 285 245 345 420
18 306.323 12 200  420 22 82 83 143 202 262 263 322 382 383 378 307 420
19 271.261 11 200  420 33 93 94 154 213 273 274 333 393 9 190 420
20 272.597 12 200  420 57 117 118 178 237 297 298 357 358 417 418 360 420
21 263.636 12 190  420 46 106 107 167 226 286 287 346 364 406 407 408 420
22 205.449 11 190  420 14 74 75 76 135 195 196 256 315 251 375 420
23 219.554 11 200  420 38 63 98 99 100 159 220 248 340 399 400 420
24 241.487 12 190  420 41 101 102 103 162 222 281 341 396 401 402 369 420
25 212.854 11 200  420 17 77 78 79 138 198 199 259 246 319 301 420
26 205.252 11 200  420 25 26 27 86 87 207 187 267 326 327 247 420
27 208.384 11 200  420 54 55 56 115 116 130 236 296 355 356 370 420
28 183.084 11 200  420 30 31 32 91 7 92 127 212 271 272 332 420
29 186.515 11 200  420 49 50 51 10 111 70 231 290 291 350 351 420
30 220.439 11 200  420 113 173 134 233 194 240 300 413 374 311 376 420
31 200.109 11 200  420 96 156 161 216 221 276 243 336 389 363 309 420
32 233.418 11 200  420 89 149 158 209 218 219 279 280 339 308 67 420
33 253.663 13 200  420 72 132 137 192 197 252 257 312 317 372 318 306 366 420
34 154.627 10 190  420 73 133 142 193 181 253 241 313 373 361 420
35 205.697 11 200  420 112 172 177 232 185 292 352 305 412 365 411 420
36 205.819 11 200  420 88 148 153 208 268 242 328 302 388 362 392 420
37 191.951 11 200  420 97 157 166 217 184 277 244 337 304 397 343 420
INITIAL BEST COST= 8165.66

Li 1_560
=================================
0 29355.2 50 1200  560 38 37 36 35 34 74 75 76 116 115 114 154 153 152 151 191 192 193 194 195 235 234 233 273 313 353 393 433 473 513 553 554 514 474 434 394 354 314 274 275 315 317 277 278 318 358 398 438 478 479 560
1 46490.2 60 1200  560 26 25 24 23 22 62 63 64 104 103 102 142 143 144 145 185 184 183 182 181 180 179 178 177 219 259 299 339 379 419 459 499 539 421 381 341 301 261 262 263 264 304 344 384 424 464 504 544 545 505 465 425 385 345 305 306 346 386 426 466 560
2 42663.1 60 1200  560 6 5 4 42 43 44 45 46 47 85 84 83 82 122 123 124 125 165 164 163 162 161 160 200 201 202 203 204 205 245 285 325 365 405 445 485 525 524 484 444 404 364 324 284 244 243 283 323 363 403 443 483 482 442 402 362 322 282 242 240 560
3 29177.8 49 890  560 16 15 14 54 55 56 57 58 98 97 96 95 135 134 133 132 131 172 173 213 212 252 292 332 372 412 452 492 532 531 491 451 411 371 331 291 251 253 254 294 334 374 414 454 494 534 535 495 506 560
4 49789.5 65 1110  560 3 2 1 0 39 41 40 79 78 77 117 118 119 80 81 121 120 159 158 157 156 155 196 197 198 199 239 238 237 236 276 316 356 396 436 476 516 556 555 515 475 435 395 355 357 397 437 477 517 557 558 518 519 559 520 480 440 400 360 320 280 319 359 399 439 560
5 47633.1 62 1200  560 33 32 31 30 70 71 72 73 113 112 111 110 109 149 150 190 189 188 228 229 230 231 232 272 312 352 392 432 472 512 552 551 511 471 431 391 351 311 271 270 310 350 390 430 470 510 550 549 509 469 429 389 349 309 269 268 308 348 388 428 468 508 560
6 40034.7 55 1070  560 7 8 9 10 50 49 48 89 88 87 86 126 127 128 168 167 166 206 207 208 248 288 328 368 408 448 488 528 527 487 447 407 367 327 287 247 246 286 326 366 406 446 486 526 523 522 521 481 441 401 361 321 281 241 279 560
7 49393.4 61 1090  560 27 28 29 69 68 67 66 65 105 106 107 108 148 147 146 186 187 227 226 225 224 223 222 221 220 260 300 340 380 420 460 500 540 541 501 461 462 422 382 342 302 303 343 383 423 463 503 543 542 502 265 266 267 307 347 387 427 467 507 547 548 560
8 27784.6 46 1160  560 13 12 11 51 52 53 94 93 92 91 90 130 129 169 170 171 211 210 209 249 289 329 369 409 449 489 529 530 490 450 410 370 330 290 250 293 333 373 413 453 493 533 455 415 375 546 560
9 31448.8 52 1080  560 17 18 19 20 21 61 60 59 99 100 101 141 140 139 138 137 136 176 175 174 214 215 216 217 218 258 298 338 378 418 458 498 538 537 497 457 417 377 337 297 257 256 296 336 376 416 456 496 536 335 295 255 560
INITIAL BEST COST= 393770


Li 2_600
=================================
0 14704 42 900  600 38 39 40 100 99 98 97 96 156 157 158 159 160 161 162 221 222 223 283 282 281 341 342 343 403 402 401 400 399 398 397 396 395 394 393 453 454 455 515 514 513 573 600
1 14959 40 820  600 8 9 10 70 69 68 128 129 130 131 191 190 189 188 248 249 250 310 309 308 307 306 366 367 368 369 370 371 431 430 429 428 427 426 486 487 488 548 547 546 600
2 18011.2 45 870  600 52 51 50 49 48 47 106 107 108 109 110 170 169 168 229 228 227 287 288 289 349 348 347 407 408 409 469 470 471 472 532 531 530 529 528 527 526 525 524 584 585 586 467 582 581 600
3 17981.9 48 900  600 37 36 35 34 33 32 91 92 93 94 95 155 154 153 213 214 215 216 217 218 219 220 280 279 278 277 276 275 274 273 272 271 392 391 390 450 451 452 512 511 510 570 571 572 574 575 576 577 600
4 15866.8 42 820  600 23 24 25 85 84 83 143 144 145 146 147 148 208 207 206 205 204 264 265 266 326 325 324 384 385 386 387 388 389 449 448 447 446 506 507 508 509 569 568 567 566 565 600
5 16157.4 43 830  600 53 54 55 115 114 113 112 111 171 172 173 174 175 235 234 233 232 231 230 290 291 292 352 351 350 410 411 412 413 473 533 534 535 595 594 593 592 591 590 589 588 587 468 600
6 16068.1 42 900  600 22 21 20 80 81 82 142 141 140 139 138 198 199 200 201 202 203 263 262 261 321 322 323 383 382 381 380 440 441 442 443 444 445 505 504 503 502 501 561 562 563 564 600
7 14795.4 40 780  600 7 6 5 65 66 67 127 126 125 124 184 185 186 187 247 246 245 244 243 303 304 305 365 364 363 362 361 360 420 421 422 423 424 425 485 484 483 543 544 545 600
8 15855.2 44 900  600 46 45 44 43 42 41 101 102 103 104 105 163 164 165 166 167 226 225 224 284 285 286 346 345 344 404 405 406 466 465 464 463 462 461 460 459 519 520 579 580 521 522 523 583 600
9 13134 40 860  600 0 1 2 3 4 64 63 62 61 121 122 123 183 182 181 180 239 299 240 241 242 302 301 300 359 358 357 417 418 419 479 478 477 537 538 539 480 481 482 542 600
10 17073.3 44 900  600 15 14 13 12 11 71 72 73 74 134 133 132 192 193 194 254 253 252 251 311 312 313 314 315 316 376 375 374 373 372 432 433 434 494 493 492 491 490 489 549 550 551 552 553 600
11 19097.5 46 840  600 16 17 18 19 79 78 77 76 75 135 136 137 197 196 195 255 256 257 258 259 260 320 319 318 317 377 378 379 439 438 437 436 435 495 496 497 498 499 500 560 559 558 557 556 555 554 600
12 14837.8 44 900  600 31 30 29 28 27 26 86 87 88 89 90 149 150 151 152 212 211 210 209 270 269 268 267 327 328 329 330 331 332 333 334 335 336 337 338 339 340 458 457 456 516 517 518 578 600
13 12980.5 40 780  600 59 58 57 56 116 117 118 119 60 120 179 178 177 176 236 237 238 298 297 296 295 294 293 353 354 355 356 416 415 414 474 475 476 536 596 597 598 599 540 541 600
INITIAL BEST COST= 221522


Li 3_640
=================================
0 69663.2 74 1400  640 38 37 36 35 34 74 75 76 116 115 114 154 153 152 192 193 194 195 196 197 198 199 239 238 237 236 276 316 356 396 436 476 516 556 596 636 637 597 557 517 477 437 397 357 317 277 278 318 358 398 438 478 518 558 598 638 639 599 559 519 479 439 399 359 319 279 240 280 320 360 400 440 480 520 640
1 61637.7 72 1400  640 6 5 4 43 44 45 46 47 48 49 89 88 87 86 85 84 83 123 124 164 163 162 161 160 200 201 202 203 204 205 245 285 325 365 405 445 485 525 565 605 604 564 524 484 444 404 364 324 284 244 243 283 323 363 403 443 483 523 563 603 602 562 522 482 442 402 362 322 282 242 241 560 640
2 36228.1 51 1310  640 24 25 26 67 66 65 64 104 105 145 144 143 183 184 185 186 226 225 265 305 345 385 425 465 505 545 585 625 586 546 506 466 426 386 346 302 342 382 381 421 461 501 541 581 621 620 580 619 618 617 577 640
3 51989.4 64 1200  640 12 13 14 15 16 56 55 54 94 95 96 133 134 135 136 137 177 176 175 174 173 172 171 170 210 211 212 252 292 332 372 412 452 492 532 572 612 611 571 531 491 451 411 371 331 291 251 250 290 330 370 410 450 490 530 570 610 609 569 529 489 281 321 600 640
4 54348.1 65 1310  640 17 18 19 20 60 59 58 57 97 98 99 139 138 178 179 180 220 219 218 217 216 215 214 213 253 293 333 373 413 453 493 533 573 613 614 574 534 494 454 414 374 334 294 254 255 295 335 375 415 455 495 535 575 615 616 576 536 496 456 416 376 336 296 256 297 640
5 56241.5 68 1300  640 3 2 1 0 39 42 41 40 79 78 77 117 118 119 80 81 82 122 121 120 159 158 157 156 155 235 234 233 232 231 271 311 351 391 431 471 511 551 591 631 630 590 550 510 470 430 392 432 472 512 552 592 632 633 593 553 554 594 634 635 595 555 515 475 435 441 481 521 640
6 39185.2 51 1030  640 27 28 29 30 70 69 68 109 108 107 106 146 147 148 149 189 188 187 227 266 306 267 307 347 387 427 467 507 547 587 627 626 622 582 542 502 462 422 380 420 460 500 540 498 458 418 378 338 298 258 257 640
7 57224.5 64 1400  640 33 32 31 71 72 73 113 112 111 110 150 151 191 190 230 229 228 268 308 348 388 428 468 508 548 588 628 629 589 549 509 469 429 389 349 309 269 270 310 350 390 352 312 272 273 313 353 393 433 473 513 514 474 434 394 354 314 274 275 315 355 395 361 401 640
8 55734.4 68 1340  640 7 8 9 10 11 50 51 52 53 93 92 91 90 132 131 130 129 128 127 126 125 165 166 167 168 169 209 208 207 206 246 286 326 366 406 446 486 526 566 606 607 567 527 487 447 407 367 327 287 247 248 288 328 368 408 448 488 528 568 608 449 409 369 329 289 249 561 601 640
9 53149.1 63 1110  640 23 22 21 61 62 63 103 102 101 100 140 141 142 182 181 221 222 223 224 264 304 344 384 424 464 504 544 584 624 623 583 543 503 463 423 383 343 303 263 262 261 301 341 340 300 260 259 299 339 379 419 459 499 539 579 578 538 537 497 457 417 377 337 640
INITIAL BEST COST= 535401



Li 4_720
=================================
0 65055.7 70 1500  720 26 25 24 23 22 21 60 61 62 63 64 103 102 101 100 140 141 181 180 179 178 218 258 298 338 378 418 458 498 538 578 618 658 698 697 657 617 577 537 497 457 417 377 337 297 257 256 296 336 376 416 456 496 536 576 616 656 696 695 612 652 692 651 611 571 380 501 541 581 621 720
1 83513.8 74 1260  720 6 5 4 44 45 46 47 87 86 85 84 124 123 163 164 165 205 204 203 202 242 282 322 362 402 442 482 522 562 602 642 682 683 643 603 563 523 483 443 403 363 323 283 243 244 284 324 364 404 444 484 524 564 604 644 684 410 370 330 290 250 259 299 339 379 419 420 460 500 540 580 620 660 700 720
2 75140 80 1500  720 20 19 18 17 16 15 14 54 55 56 57 58 59 99 98 97 96 95 135 136 137 138 139 219 220 221 222 223 224 225 226 227 228 268 308 348 388 428 468 508 548 588 628 668 708 707 667 627 587 547 507 467 427 387 347 307 267 266 306 346 386 426 466 506 546 586 626 666 706 705 665 625 585 545 505 465 425 385 384 424 720
3 64094 66 1400  720 36 35 34 73 74 75 76 116 115 155 154 194 195 196 197 198 238 278 318 358 398 438 478 518 558 598 638 678 718 719 679 639 599 559 519 479 439 399 359 319 279 240 245 247 287 288 248 249 289 329 369 409 449 489 529 569 609 649 650 610 570 530 531 491 300 381 720
4 72433.5 73 1350  720 7 8 9 10 50 49 48 88 89 90 130 129 128 127 126 125 166 167 168 169 170 171 172 173 212 211 210 209 208 207 206 246 286 326 366 406 446 486 526 566 606 646 686 687 647 607 567 527 487 447 407 367 327 328 368 408 448 488 528 568 608 648 688 689 690 691 459 499 539 579 619 659 699 720
5 74329.8 73 1470  720 13 12 11 51 52 53 94 93 92 91 131 132 133 134 174 175 176 177 217 216 215 214 213 253 293 333 373 413 453 493 533 573 613 653 693 694 654 614 574 534 494 454 414 374 334 294 254 255 295 335 375 415 455 495 535 575 615 655 572 532 492 452 412 372 332 292 252 251 291 331 260 341 462 720
6 61531.8 64 1440  720 3 2 1 0 40 41 42 43 83 82 81 121 122 162 161 160 199 239 200 201 241 281 321 361 401 441 481 521 561 601 641 681 680 640 600 560 520 480 440 400 360 320 280 285 325 365 405 445 485 525 565 605 645 685 490 450 451 411 371 340 421 461 661 701 720
7 97888.8 82 1480  720 33 32 31 30 70 71 72 110 111 112 113 114 153 152 151 150 149 148 147 146 145 108 109 229 230 231 232 272 312 352 392 432 472 512 552 592 632 672 712 711 671 631 591 551 511 471 431 391 351 311 271 270 310 350 390 430 470 510 550 590 630 670 710 709 504 544 584 624 664 704 703 663 623 583 543 503 502 542 582 622 662 702 720
8 63947.7 66 1500  720 37 38 39 79 78 77 117 118 119 80 120 159 158 157 156 236 237 277 317 357 397 437 477 517 557 597 637 677 717 716 676 636 596 556 516 476 436 396 356 316 276 274 314 354 394 393 353 313 273 269 309 349 389 429 469 509 549 589 629 669 464 463 423 383 382 422 720
9 71403.1 72 1500  720 27 28 29 69 68 67 66 65 107 106 105 104 144 143 142 182 183 184 185 186 187 188 189 190 191 192 193 233 234 235 275 315 355 395 435 475 515 555 595 635 675 715 714 674 634 594 554 514 474 434 433 473 513 553 593 633 673 713 265 305 345 344 304 264 263 303 343 342 302 262 261 301 720
INITIAL BEST COST= 729338


Li 5_760
=================================
0 17237.4 48 900  760 67 68 69 70 71 143 144 145 146 147 148 224 223 222 221 220 219 295 296 372 371 370 446 447 448 449 450 526 525 524 523 522 521 520 596 597 673 672 671 747 748 749 750 751 752 753 742 741 760
1 16875.2 44 860  760 9 8 7 6 82 83 84 85 86 87 163 162 161 237 238 314 313 312 311 387 388 463 464 465 541 542 543 544 545 621 620 619 618 617 616 615 539 540 688 687 686 685 684 733 760
2 17436.1 44 880  760 10 11 12 13 14 88 89 90 91 92 167 166 165 164 240 239 315 316 393 392 391 390 389 466 467 468 469 470 546 547 623 622 700 699 698 697 696 695 694 693 692 714 717 725 760
3 11649 42 900  760 29 30 31 32 33 105 106 107 108 109 110 186 185 184 183 182 181 257 258 259 335 334 333 332 407 408 409 410 411 412 413 489 488 487 486 485 561 562 563 639 638 715 760
4 16384 48 900  760 28 27 26 25 24 104 103 102 101 100 99 175 176 177 178 179 180 256 255 254 331 330 329 406 405 404 403 402 478 479 480 481 482 483 484 560 559 558 557 556 632 633 634 635 636 637 713 716 760
5 14939.8 46 900  760 47 46 45 44 43 123 122 121 120 119 118 117 191 267 268 269 270 271 272 348 347 346 345 344 343 342 418 419 420 496 495 494 493 569 570 571 572 573 574 650 649 648 647 646 722 723 760
6 14636.1 46 900  760 48 49 50 51 52 124 125 126 127 128 129 205 204 203 202 201 200 276 277 278 354 353 352 428 429 430 431 432 433 509 508 507 506 505 504 503 579 580 656 655 654 653 729 730 731 732 760
7 13663.8 44 900  760 66 65 64 63 62 142 141 140 139 138 137 136 210 286 287 288 289 290 291 367 366 365 364 363 362 361 437 438 514 513 512 588 589 590 591 592 668 667 666 665 664 663 739 740 760
8 12463 42 880  760 61 60 59 58 57 133 134 135 211 212 213 214 215 216 217 218 294 293 292 368 369 445 444 443 442 441 440 439 515 516 517 518 519 595 594 593 669 670 746 745 744 743 760
9 13724.6 41 890  760 2 3 4 5 81 80 156 157 158 159 160 236 235 234 233 309 310 386 385 384 383 382 381 380 456 457 458 459 460 461 462 538 537 536 612 613 614 689 690 691 701 760
10 13611 44 900  760 42 41 40 39 38 114 115 116 192 193 194 195 196 197 198 199 275 274 273 349 350 351 427 426 425 424 423 422 421 497 498 499 500 501 502 578 577 576 575 651 652 728 727 726 760
11 14799.3 44 900  760 15 16 17 18 19 95 94 93 170 169 168 245 244 243 242 241 317 318 319 320 321 322 323 399 398 397 396 395 394 471 472 548 624 625 626 627 628 629 630 706 705 704 703 702 760
12 16135.8 46 900  760 34 35 36 37 113 112 111 187 188 189 190 266 265 264 263 262 261 260 336 337 338 339 340 341 417 416 415 414 490 491 492 568 567 566 565 564 640 641 642 643 644 645 721 720 719 718 760
13 16525.1 46 900  760 23 22 21 20 96 97 98 174 173 172 171 246 247 248 249 250 251 252 253 328 327 326 325 324 400 401 477 476 475 474 473 549 550 551 552 553 554 555 631 707 708 709 710 711 712 724 760
14 16297.7 46 900  760 53 54 55 56 132 131 130 206 207 208 209 285 284 283 282 281 280 279 355 356 357 358 359 360 436 435 434 510 511 587 586 585 584 583 582 581 657 658 659 660 661 662 738 737 736 735 760
15 16548.5 45 890  760 72 73 74 75 151 150 149 225 226 227 303 302 301 300 299 298 297 373 374 375 376 377 453 452 451 527 528 604 603 602 601 600 599 598 674 675 676 677 678 679 680 756 755 754 734 760
16 15927.5 44 900  760 1 0 76 77 78 79 155 154 153 152 228 229 230 231 232 308 307 306 305 304 379 378 454 455 531 530 529 605 606 607 532 533 534 535 611 610 609 608 683 682 681 757 758 759 760
INITIAL BEST COST= 258854


Li 6_800
=================================
0 49051.4 64 1700  800 24 25 26 27 28 29 70 69 68 67 66 107 108 109 110 150 151 152 153 193 192 191 190 230 229 269 309 349 389 429 469 509 549 589 629 669 709 749 789 790 750 710 670 630 590 550 510 470 430 390 350 310 270 277 317 357 397 437 477 517 557 597 637 677 800
1 116300 91 1690  800 16 15 14 54 55 56 57 97 96 95 94 135 134 133 173 174 175 176 177 178 179 219 220 221 222 223 224 225 265 305 345 385 425 465 505 545 585 625 665 705 745 785 784 744 704 664 624 584 544 504 464 424 384 344 304 264 263 303 343 383 423 463 503 543 583 623 663 703 743 783 782 742 702 662 541 501 461 421 381 341 301 372 412 452 492 532 612 652 692 732 772 800
2 94428.2 80 1700  800 6 5 4 44 45 46 86 85 84 124 123 122 162 163 164 165 205 204 203 202 201 241 281 321 361 401 441 481 521 561 601 641 681 721 761 762 722 682 642 602 562 522 482 442 402 362 322 282 242 243 283 323 363 403 443 483 523 563 603 643 683 723 763 727 767 768 728 688 648 608 568 528 488 448 449 489 529 569 609 571 800
3 101691 85 1490  800 30 31 32 33 34 35 36 76 75 74 73 72 71 111 112 113 114 115 155 154 194 234 233 232 231 271 311 351 391 431 471 511 551 591 631 671 711 751 791 792 752 712 672 632 592 552 512 472 432 392 352 312 272 273 313 353 393 433 473 513 553 593 633 673 713 753 793 249 289 329 330 331 371 411 451 491 531 611 651 691 731 771 729 689 649 800
4 99022.7 86 1700  800 17 18 19 20 60 59 58 98 99 100 101 102 103 142 143 144 145 185 184 183 182 181 180 141 140 139 138 137 136 218 258 298 338 378 418 458 498 538 578 618 658 698 738 778 779 739 699 659 619 579 539 499 459 419 379 339 299 259 260 300 340 380 420 460 500 540 580 620 660 700 740 780 781 741 701 661 621 581 333 373 413 453 493 533 573 572 800
5 65120 68 1200  800 37 38 39 0 40 79 78 77 116 117 118 119 159 158 157 156 196 195 235 236 276 316 356 396 436 476 516 556 596 636 676 716 756 796 795 755 715 675 635 595 555 515 475 435 395 355 315 275 274 314 354 394 434 474 514 554 594 634 674 714 754 794 261 292 332 693 733 773 800
6 95393.8 79 1590  800 3 2 1 41 42 43 83 82 81 80 120 121 161 160 199 198 197 237 238 239 200 240 280 320 360 400 440 480 520 560 600 640 680 720 760 799 759 719 679 639 599 559 519 479 439 399 359 319 279 278 318 358 398 438 478 518 558 598 638 678 718 758 798 797 757 717 250 290 291 251 490 530 570 610 650 690 730 770 769 800
7 83076.9 77 1530  800 23 22 21 61 62 63 64 65 104 105 106 146 147 148 149 189 188 187 186 226 227 228 268 308 348 388 428 468 508 548 588 628 668 708 748 788 787 747 707 667 627 587 547 507 467 427 387 347 307 267 266 306 346 386 426 466 506 546 586 626 666 706 746 786 622 582 542 502 462 422 382 342 302 262 252 613 653 800
8 98786.4 86 1700  800 13 12 11 10 50 51 52 53 93 92 91 131 132 172 171 170 169 168 208 209 210 211 212 213 214 215 216 217 257 297 337 377 417 457 497 537 577 617 657 697 737 777 776 736 696 656 616 576 536 496 456 416 376 336 296 256 255 295 335 375 415 455 495 535 575 615 655 695 735 775 774 734 694 654 614 574 534 494 454 414 374 334 294 254 253 293 800
9 100811 84 1700  800 7 8 9 49 48 47 87 88 89 90 130 129 128 127 126 125 166 167 207 206 246 286 326 366 406 446 486 526 566 606 646 686 726 766 765 725 685 645 605 565 525 485 445 405 365 325 285 245 244 284 324 364 404 444 484 524 564 604 644 684 724 764 687 647 607 567 527 487 447 407 367 327 287 247 248 288 328 368 408 409 369 370 410 450 800
INITIAL BEST COST= 903682


Li 7_840
=================================
0 17034.4 44 900  840 3 2 1 0 84 85 169 168 252 253 254 336 337 338 339 422 423 424 425 509 508 507 506 505 504 587 586 585 584 583 500 501 502 503 420 421 677 761 762 764 765 766 767 768 840
1 20327 46 900  840 81 82 83 167 166 250 251 335 334 333 332 419 418 417 416 415 414 499 498 497 582 581 580 579 663 664 665 666 667 668 669 670 754 753 752 751 835 836 837 838 839 756 770 772 775 776 840
2 14882.3 44 900  840 39 40 41 42 126 125 209 210 211 212 213 297 296 295 294 378 379 380 381 382 466 465 464 463 547 548 549 550 551 635 634 633 632 631 630 714 715 716 717 801 800 799 798 796 840
3 11239 44 900  840 16 17 18 19 20 21 105 104 103 102 101 185 186 187 188 189 273 272 271 270 269 268 267 266 265 350 351 352 353 354 355 356 440 524 525 526 527 528 612 611 610 609 693 694 840
4 10589.6 40 760  840 68 67 66 65 64 63 147 148 149 150 151 235 234 233 232 231 315 316 317 318 402 401 400 399 398 482 483 484 485 569 568 652 653 737 736 735 734 818 819 783 840
5 11445.4 44 900  840 26 25 24 23 22 106 107 108 109 110 194 193 192 191 190 274 275 276 277 278 279 280 281 365 364 363 362 361 360 359 358 357 441 442 443 444 445 446 447 448 616 617 700 784 840
6 15695.9 46 900  840 47 46 45 44 43 127 128 129 130 131 215 214 298 299 300 301 302 386 385 384 383 467 468 469 470 471 555 554 553 552 636 637 638 639 723 722 721 720 719 718 802 803 804 805 797 795 840
7 11601.5 41 870  840 58 59 60 61 62 146 145 144 143 142 226 227 228 229 230 314 313 312 311 310 394 395 396 397 481 480 564 565 566 567 651 650 649 648 732 733 817 816 815 814 790 840
8 13831.5 46 900  840 27 28 29 30 31 115 114 113 112 111 195 196 197 198 199 200 282 283 284 285 286 370 369 368 367 366 449 450 451 535 534 533 532 531 530 529 613 614 615 699 698 697 696 695 779 780 840
9 15531.4 46 880  840 48 49 50 51 52 136 135 134 133 132 216 217 218 219 220 304 303 387 388 389 390 391 475 474 473 472 556 557 558 559 643 642 641 640 724 725 726 727 811 810 809 808 807 806 794 793 840
10 15462.2 46 900  840 35 34 33 32 116 117 118 119 120 201 202 203 204 205 289 288 287 371 372 373 457 456 455 454 453 452 536 537 538 539 540 624 623 622 621 620 619 618 702 701 785 786 787 788 789 704 840
11 12770.9 42 880  840 57 56 55 54 53 137 138 139 140 141 225 224 223 222 221 305 306 307 308 309 393 392 476 477 478 479 563 562 561 560 644 645 646 647 731 730 729 728 812 813 705 703 840
12 13908.8 44 900  840 7 8 9 10 94 93 92 91 90 177 176 175 174 173 258 259 260 344 345 346 347 432 431 430 429 513 514 515 516 517 518 519 603 602 601 600 599 598 597 681 680 679 678 763 840
13 15824.1 45 870  840 77 76 75 74 158 159 160 161 245 244 243 242 241 240 324 325 326 327 411 410 409 408 407 491 492 576 575 574 573 572 656 657 741 740 824 825 826 827 828 829 830 831 832 777 778 840
14 15208.2 48 900  840 15 14 13 12 11 95 96 97 98 99 100 184 183 182 181 180 179 178 264 263 262 261 348 349 433 434 435 436 437 438 439 523 522 521 520 604 605 606 607 608 692 691 690 689 688 687 686 771 840
15 12078.7 41 850  840 69 70 71 72 73 157 156 155 154 153 152 236 237 238 239 323 322 321 320 319 403 404 405 406 490 489 488 487 486 570 571 655 654 738 739 823 822 821 820 782 781 840
16 20415.4 48 900  840 6 5 4 89 88 87 86 170 171 172 257 256 255 340 341 342 343 428 427 426 510 511 512 596 595 594 593 592 591 590 589 588 671 755 672 673 674 675 676 760 759 758 757 682 683 684 685 769 840
17 14779.5 41 890  840 78 79 80 162 163 164 165 249 248 247 246 328 329 330 331 413 412 496 495 494 493 577 578 662 661 660 659 658 742 743 744 745 746 747 748 749 750 834 833 773 774 840
18 15264.3 44 900  840 36 37 38 121 122 123 124 208 207 206 290 291 292 293 377 376 375 374 458 459 460 461 462 546 545 544 543 542 541 625 626 627 628 629 713 712 711 710 709 708 707 706 791 792 840
INITIAL BEST COST= 277890



Li 8_880
=================================
0 60323.8 70 1800  880 24 25 26 27 28 29 70 69 68 67 66 107 108 109 110 150 151 152 153 193 192 191 190 230 229 269 309 349 389 429 469 509 549 589 629 669 709 749 789 829 869 830 790 750 710 670 630 590 550 510 470 430 390 350 310 270 272 312 313 273 277 317 357 397 437 477 517 557 247 287 880
1 110355 90 1780  880 16 15 14 54 55 56 57 97 96 95 94 135 134 133 173 174 175 176 177 178 179 219 220 221 222 223 224 225 265 305 345 385 425 465 505 545 585 625 665 705 745 785 825 865 864 824 784 744 704 664 624 584 544 504 464 424 384 344 304 264 263 303 343 383 423 463 503 543 583 623 663 703 743 783 823 863 862 822 782 742 581 541 501 461 421 381 341 301 261 493 880
2 109706 86 1800  880 6 5 4 44 45 46 86 85 84 124 123 122 162 163 164 165 205 204 203 202 201 241 281 321 361 401 441 481 521 561 601 641 681 721 761 801 841 842 802 762 722 682 642 602 562 522 482 442 402 362 322 282 242 243 283 323 363 403 443 483 523 563 603 643 683 723 763 803 843 807 847 848 808 768 728 688 648 608 568 528 488 448 408 409 449 489 880
3 121629 89 1790  880 30 31 32 33 34 35 36 76 75 74 73 72 71 111 112 113 114 115 155 154 194 234 233 232 231 271 311 351 391 431 471 511 551 591 631 671 711 751 791 831 871 870 872 832 792 752 712 672 632 592 552 512 472 432 392 352 353 393 433 473 513 553 593 633 673 713 753 793 833 250 290 330 370 410 450 490 530 570 610 650 690 730 770 810 850 849 809 769 729 880
4 110944 91 1790  880 17 18 19 20 60 59 58 98 99 100 101 102 103 142 143 144 145 185 184 183 182 181 180 141 140 139 138 137 136 218 258 298 338 378 418 458 498 538 578 618 658 698 738 778 818 858 859 819 779 739 699 659 619 579 539 499 459 419 379 339 299 259 260 300 340 380 420 460 500 540 580 620 660 700 740 780 820 860 861 821 781 741 701 661 621 253 293 333 373 413 453 880
5 128346 90 1500  880 37 38 39 0 40 79 78 77 116 117 118 119 159 158 157 156 196 195 235 236 276 316 356 396 436 476 516 556 596 636 676 716 756 796 836 876 875 835 795 755 715 675 635 595 555 515 475 435 395 355 315 275 274 314 354 394 434 474 514 554 594 634 674 714 754 794 834 874 873 251 291 331 371 411 451 491 531 571 611 651 691 731 771 811 851 689 649 609 569 529 880
6 141300 96 1740  880 3 2 1 41 42 43 83 82 81 80 120 121 161 160 199 198 197 237 238 239 200 240 280 320 360 400 440 480 520 560 600 640 680 720 760 800 840 879 839 799 759 719 679 639 599 559 519 479 439 399 359 319 279 278 318 358 398 438 478 518 558 598 638 678 718 758 798 838 878 877 837 797 757 717 677 637 597 252 292 332 372 412 452 492 532 572 612 652 692 732 772 812 852 853 813 773 880
7 112541 88 1800  880 23 22 21 61 62 63 64 65 104 105 106 146 147 148 149 189 188 187 186 226 227 228 268 308 348 388 428 468 508 548 588 628 668 708 748 788 828 868 867 827 787 747 707 667 627 587 547 507 467 427 387 347 307 267 266 306 346 386 426 466 506 546 586 626 666 706 746 786 826 866 702 662 622 582 542 502 462 422 382 342 302 262 533 573 613 653 693 733 880
8 114422 92 1800  880 13 12 11 10 50 51 52 53 93 92 91 131 132 172 171 170 169 168 208 209 210 211 212 213 214 215 216 217 257 297 337 377 417 457 497 537 577 617 657 697 737 777 817 857 856 816 776 736 696 656 616 576 536 496 456 416 376 336 296 256 255 295 335 375 415 455 495 535 575 615 655 695 735 775 815 855 854 814 774 734 694 654 614 574 534 494 454 414 374 334 294 254 880
9 111026 88 1800  880 7 8 9 49 48 47 87 88 89 90 130 129 128 127 126 125 166 167 207 206 246 286 326 366 406 446 486 526 566 606 646 686 726 766 806 846 845 805 765 725 685 645 605 565 525 485 445 405 365 325 285 245 244 284 324 364 404 444 484 524 564 604 644 684 724 764 804 844 767 727 687 647 607 567 527 487 447 407 367 327 328 288 248 249 289 329 369 368 880
INITIAL BEST COST= 1.12059e+006


Li 9_960
=================================
0 115487 90 2000  960 12 13 14 15 16 56 55 54 94 95 96 136 137 177 176 175 174 173 172 171 170 210 211 251 291 331 371 411 451 491 531 571 611 651 691 731 771 811 851 891 931 930 890 850 810 770 730 690 650 610 570 530 490 450 410 370 330 290 250 249 289 329 369 409 449 489 529 569 609 649 689 729 769 809 849 889 929 928 888 848 359 358 398 438 478 518 558 598 638 678 960
1 162932 108 2000  960 6 5 4 43 44 45 46 47 48 49 89 88 87 86 85 84 83 123 124 125 126 127 128 168 169 209 208 207 206 205 204 203 243 283 323 363 403 443 483 523 563 603 643 683 723 763 803 843 883 923 924 884 844 804 764 724 684 644 604 564 524 484 444 404 364 324 284 244 285 325 365 405 445 485 525 565 605 645 685 725 765 805 845 885 925 679 639 599 559 519 479 439 399 437 477 517 557 597 637 677 717 757 797 837 877 917 957 958 960
2 72713.6 72 2000  960 26 25 24 64 65 66 106 105 104 144 143 142 182 183 184 185 225 226 266 306 346 386 426 466 506 546 586 626 666 706 746 786 826 866 906 946 945 905 865 825 785 745 705 665 625 585 545 505 465 425 385 345 305 265 261 301 341 381 421 461 501 541 581 621 661 701 741 781 821 861 901 900 960
3 148415 100 1820  960 38 37 36 35 34 74 75 76 116 115 114 155 154 153 193 194 195 196 197 198 199 160 161 162 163 164 165 166 167 247 287 327 367 407 447 487 527 567 607 647 687 727 767 807 847 887 927 926 886 846 806 766 726 686 646 606 566 526 486 446 406 366 326 286 246 245 248 288 328 368 408 448 488 528 568 608 648 688 728 768 808 279 319 318 278 277 317 357 397 596 636 676 716 756 796 836 876 916 956 918 960
4 156808 106 2000  960 33 32 31 30 70 71 72 73 113 112 111 151 152 192 191 190 189 188 228 229 230 231 232 233 234 235 275 315 355 395 435 475 515 555 595 635 675 715 755 795 835 875 915 955 954 914 874 834 794 754 714 674 634 594 554 514 474 434 394 354 314 274 273 313 353 393 433 473 513 553 593 633 673 713 753 793 833 873 913 953 952 912 872 832 792 752 712 672 632 592 552 512 472 432 392 352 312 272 276 316 356 396 436 476 516 556 960
5 122412 91 1730  960 17 18 19 20 60 59 58 57 97 98 99 139 138 178 179 219 218 217 216 256 296 336 376 416 456 496 536 576 616 656 696 736 776 816 856 896 936 935 895 855 815 775 735 695 655 615 575 535 495 455 415 375 335 295 255 254 294 334 374 414 454 494 534 574 614 654 694 734 774 814 854 894 934 738 698 658 618 578 538 498 458 418 378 338 298 258 339 819 859 899 939 960
6 105757 92 2000  960 3 2 1 0 39 42 41 40 79 78 77 117 118 119 80 81 82 122 121 120 159 158 157 156 236 237 238 239 200 201 202 242 282 322 362 402 442 482 522 562 602 642 682 722 762 802 842 882 922 921 881 841 801 761 721 681 641 601 561 521 481 441 401 361 321 281 241 240 280 320 360 400 440 480 520 560 600 640 680 720 760 800 840 880 920 959 919 879 839 799 759 719 960
7 169136 109 1990  960 27 28 29 69 68 67 107 108 109 110 150 149 148 147 146 145 186 187 227 267 307 347 387 427 467 507 547 587 627 667 707 747 787 827 867 907 947 948 908 868 828 788 748 708 668 628 588 548 508 468 428 388 348 308 268 269 309 349 389 429 469 509 549 589 629 669 709 749 789 829 869 909 949 950 910 870 830 790 750 710 670 630 590 550 510 470 430 390 350 310 270 271 311 351 391 431 471 511 551 591 631 671 711 751 791 831 871 911 951 960
8 122156 94 2000  960 7 8 9 10 11 50 51 52 53 93 92 91 90 129 130 131 132 133 134 135 215 214 213 212 252 292 332 372 412 452 492 532 572 612 652 692 732 772 812 852 892 932 933 893 853 813 773 733 693 653 613 573 533 493 453 413 373 333 293 253 257 297 337 377 417 457 497 537 577 617 657 697 737 777 817 857 897 937 938 898 858 818 778 779 739 699 659 619 579 539 499 459 419 379 960
9 144125 98 1660  960 23 22 21 61 62 63 103 102 101 100 140 141 181 180 220 221 222 223 224 264 304 344 384 424 464 504 544 584 624 664 704 744 784 824 864 904 944 943 903 863 823 783 743 703 663 623 583 543 503 463 423 383 343 303 263 262 302 342 382 422 462 502 542 582 622 662 702 742 782 822 862 902 942 941 940 860 820 780 740 700 660 620 580 540 500 460 420 380 340 300 260 259 299 718 758 798 838 878 960
INITIAL BEST COST= 1.31994e+006


Li 10_1040
=================================
0 132656 96 2100  1040 12 13 14 15 16 56 55 54 94 95 96 136 137 177 176 175 174 173 172 171 170 210 211 251 291 331 371 411 451 491 531 571 611 651 691 731 771 811 851 891 931 971 1011 1010 970 930 890 850 810 770 730 690 650 610 570 530 490 450 410 370 330 290 250 249 289 329 369 409 449 489 529 569 609 649 689 729 769 809 849 889 929 969 1009 1008 968 928 359 358 398 438 478 518 558 598 556 516 1040
1 244280 128 2100  1040 6 5 4 43 44 45 46 47 48 49 89 88 87 86 85 84 83 123 124 125 126 127 128 168 169 209 208 207 206 205 204 203 243 283 323 363 403 443 483 523 563 603 643 683 723 763 803 843 883 923 963 1003 1004 964 924 884 844 804 764 724 684 644 604 564 524 484 444 404 364 324 284 244 285 325 365 405 445 485 525 565 605 645 685 725 765 805 845 885 925 965 1005 919 879 839 799 759 719 679 639 599 559 519 479 439 399 356 396 436 476 596 636 676 716 756 836 876 916 956 996 1036 1037 997 957 917 877 837 838 878 1040
2 81578.2 76 2100  1040 26 25 24 64 65 66 106 105 104 144 143 142 182 183 184 185 225 226 266 306 346 386 426 466 506 546 586 626 666 706 746 786 826 866 906 946 986 1026 1025 985 945 905 865 825 785 745 705 665 625 585 545 505 465 425 385 345 305 265 261 301 341 381 421 461 501 541 581 621 661 701 741 781 821 861 860 820 1040
3 166056 106 2100  1040 38 37 36 35 34 74 75 76 116 115 114 155 154 153 193 194 195 196 197 198 199 160 161 162 163 164 165 166 167 247 287 327 367 407 447 487 527 567 607 647 687 727 767 807 847 887 927 967 1007 1006 966 926 886 846 806 766 726 686 646 606 566 526 486 446 406 366 326 286 246 245 248 288 328 368 408 448 488 528 568 608 648 688 728 768 808 848 888 279 319 318 278 277 317 357 397 437 477 517 557 597 637 677 717 757 797 796 1040
4 162675 108 2100  1040 33 32 31 30 70 71 72 73 113 112 111 151 152 192 191 190 189 188 228 229 230 231 232 233 234 235 275 315 355 395 435 475 515 555 595 635 675 715 755 795 835 875 915 955 995 1035 1034 994 954 914 874 834 794 754 714 674 634 594 554 514 474 434 394 354 314 274 273 313 353 393 433 473 513 553 593 633 673 713 753 793 833 873 913 953 993 1033 1032 992 952 912 872 832 792 752 712 672 632 592 552 512 472 432 392 352 312 272 276 316 1040
5 180424 108 2080  1040 17 18 19 20 60 59 58 57 97 98 99 139 138 178 179 219 218 217 216 256 296 336 376 416 456 496 536 576 616 656 696 736 776 816 856 896 936 976 1016 1015 975 935 895 855 815 775 735 695 655 615 575 535 495 455 415 375 335 295 255 254 294 334 374 414 454 494 534 574 614 654 694 734 774 814 854 894 934 974 1014 818 778 738 698 658 618 578 538 498 458 418 378 338 298 258 259 299 339 379 419 459 499 539 579 638 678 718 758 798 1040
6 110812 94 2100  1040 3 2 1 0 39 42 41 40 79 78 77 117 118 119 80 81 82 122 121 120 159 158 157 156 236 237 238 239 200 201 202 242 282 322 362 402 442 482 522 562 602 642 682 722 762 802 842 882 922 962 1002 1001 961 921 881 841 801 761 721 681 641 601 561 521 481 441 401 361 321 281 241 240 280 320 360 400 440 480 520 560 600 640 680 720 760 800 840 880 920 960 1000 1039 999 959 1040
7 179355 112 2100  1040 27 28 29 69 68 67 107 108 109 110 150 149 148 147 146 145 186 187 227 267 307 347 387 427 467 507 547 587 627 667 707 747 787 827 867 907 947 987 1027 1028 988 948 908 868 828 788 748 708 668 628 588 548 508 468 428 388 348 308 268 269 309 349 389 429 469 509 549 589 629 669 709 749 789 829 869 909 949 989 1029 1030 990 950 910 870 830 790 750 710 670 630 590 550 510 470 430 390 350 310 270 271 311 351 391 431 471 511 551 591 631 671 711 751 1040
8 127270 96 2100  1040 7 8 9 10 11 50 51 52 53 93 92 91 90 129 130 131 132 133 134 135 215 214 213 212 252 292 332 372 412 452 492 532 572 612 652 692 732 772 812 852 892 932 972 1012 1013 973 933 893 853 813 773 733 693 653 613 573 533 493 453 413 373 333 293 253 257 297 337 377 417 457 497 537 577 617 657 697 737 777 817 857 897 937 977 1017 1018 978 938 898 858 859 819 779 739 699 659 619 1040
9 214075 116 1920  1040 23 22 21 61 62 63 103 102 101 100 140 141 181 180 220 221 222 223 224 264 304 344 384 424 464 504 544 584 624 664 704 744 784 824 864 904 944 984 1024 1023 983 943 903 863 823 783 743 703 663 623 583 543 503 463 423 383 343 303 263 262 302 342 382 422 462 502 542 582 622 662 702 742 782 822 862 902 942 982 1022 1021 981 941 901 900 940 980 1020 1019 979 939 899 780 740 700 660 620 580 540 500 460 420 380 340 300 260 791 831 871 911 951 991 1031 918 958 998 1038 1040
INITIAL BEST COST= 1.59918e+006


Li 11_1120
=================================
0 155888 104 2300  1120 12 13 14 15 16 56 55 54 94 95 96 133 134 135 136 137 177 176 175 174 173 172 171 170 210 211 251 291 331 371 411 451 491 531 571 611 651 691 731 771 811 851 891 931 971 1011 1051 1091 1090 1050 1010 970 930 890 850 810 770 730 690 650 610 570 530 490 450 410 370 330 290 250 249 289 329 369 409 449 489 529 569 609 649 689 729 769 809 849 889 929 969 1009 1049 1089 536 496 456 416 417 457 497 537 577 617 657 899 1120
1 178940 116 2260  1120 6 5 4 43 44 45 46 47 48 49 89 88 87 86 85 84 83 123 124 164 163 162 161 160 200 201 202 203 204 205 245 285 325 365 405 445 485 525 565 605 645 685 725 765 805 845 885 925 965 1005 1045 1085 1084 1044 1004 964 924 884 844 804 764 724 684 644 604 564 524 484 444 404 364 324 284 244 243 283 323 363 403 443 483 523 563 603 643 683 723 763 803 843 883 923 963 1003 1043 1083 1082 1042 1002 962 922 882 842 802 762 722 682 642 602 562 522 482 442 402 362 322 1120
2 179717 108 2300  1120 26 25 24 64 65 66 106 105 104 144 143 142 182 183 184 185 225 224 264 304 344 384 424 464 504 544 584 624 664 704 744 784 824 864 904 944 984 1024 1064 1104 1105 1065 1025 985 945 905 865 825 785 745 705 665 625 585 545 505 465 425 385 345 305 265 269 309 349 389 429 469 509 549 589 629 669 709 749 789 829 869 909 949 989 1029 1069 1109 1110 1070 1030 951 911 871 831 791 751 711 671 631 591 551 511 471 431 391 538 578 618 658 1019 1059 1120
3 182629 114 2300  1120 38 37 36 35 34 74 75 76 116 115 114 155 154 153 193 194 195 196 197 198 199 239 238 278 318 358 398 438 478 518 558 598 638 678 718 758 798 838 878 918 958 998 1038 1078 1118 1119 1079 1039 999 959 919 879 839 799 759 719 679 639 599 559 519 479 439 399 359 319 279 240 280 320 360 400 440 480 520 560 600 640 680 720 760 800 840 880 920 960 1000 1040 1080 1081 1041 1001 961 921 881 841 801 761 721 681 641 601 561 521 481 441 401 361 321 281 241 242 282 1099 1120
4 144086 99 2210  1120 33 32 31 30 70 71 72 73 113 112 111 151 152 192 191 190 189 188 228 229 230 231 232 233 234 235 275 315 355 395 435 475 515 555 595 635 675 715 755 795 835 875 915 955 995 1035 1075 1115 1114 1074 1034 994 954 914 874 834 794 754 714 674 634 594 554 514 474 434 394 354 314 313 353 393 433 473 513 553 593 633 673 713 753 793 833 873 913 953 993 1033 1073 1113 991 257 297 337 697 737 777 817 857 1120
5 191897 116 2300  1120 17 18 19 20 60 59 58 57 97 98 99 139 138 178 179 219 218 217 216 215 214 213 212 252 292 332 372 412 452 492 532 572 612 652 692 732 772 812 852 892 932 972 1012 1052 1092 1093 1053 1013 973 933 893 853 813 773 733 693 653 613 573 533 493 453 413 373 333 293 253 254 294 334 374 414 454 494 534 574 614 654 694 734 774 814 854 894 934 974 1014 1054 1094 1095 1055 1015 975 935 895 855 815 775 735 695 655 615 575 535 495 455 415 375 335 295 255 256 296 336 376 377 1120
6 163637 108 2020  1120 3 2 1 0 39 42 41 40 79 78 77 117 118 119 80 81 82 122 121 120 159 158 157 156 236 237 277 317 357 397 437 477 517 557 597 637 677 717 757 797 837 877 917 957 997 1037 1077 1117 1116 1076 1036 996 956 916 876 836 796 756 716 676 636 596 556 516 476 436 396 356 316 276 274 273 272 271 311 351 312 352 392 432 472 512 552 592 632 672 712 752 792 832 872 912 952 992 1032 1072 1112 1111 1071 1031 698 738 778 818 858 898 938 978 1120
7 193062 114 2300  1120 27 28 29 69 68 67 107 108 109 110 150 149 148 147 146 145 186 187 227 226 266 306 346 386 426 466 506 546 586 626 666 706 746 786 826 866 906 946 986 1026 1066 1106 1107 1067 1027 987 947 907 867 827 787 747 707 667 627 587 547 507 467 427 387 347 307 267 268 308 348 388 428 468 508 548 588 628 668 708 748 788 828 868 908 948 988 1028 1068 1108 990 950 910 870 830 790 750 710 670 630 590 550 510 470 430 390 350 310 270 258 298 338 378 418 458 498 939 979 1120
8 207441 119 2110  1120 7 8 9 10 11 50 51 52 53 93 92 91 90 132 131 130 129 128 127 126 125 165 166 167 168 169 209 208 207 206 246 286 326 366 406 446 486 526 566 606 646 686 726 766 806 846 886 926 966 1006 1046 1086 1087 1047 1007 967 927 887 847 807 767 727 687 647 607 567 527 487 447 407 367 327 287 247 248 288 328 368 408 448 488 528 568 608 648 688 728 768 808 848 888 928 968 1008 1048 1088 576 616 656 696 736 776 816 856 896 936 976 1016 1056 1096 1097 1057 1017 977 937 897 1018 1058 1098 1120
9 218667 122 2300  1120 23 22 21 61 62 63 103 102 101 100 140 141 181 180 220 221 222 223 263 303 343 383 423 463 503 543 583 623 663 703 743 783 823 863 903 943 983 1023 1063 1103 1102 1062 1022 982 942 902 862 822 782 742 702 662 622 582 542 502 462 422 382 342 302 262 261 301 341 381 421 461 501 541 581 621 661 701 741 781 821 861 901 941 981 1021 1061 1101 1100 1060 1020 980 940 900 860 820 780 740 700 660 620 580 540 500 460 420 380 340 300 260 259 299 339 379 419 459 499 539 579 619 659 699 739 779 819 859 1120
INITIAL BEST COST= 1.81596e+006



Li 12_1200
=================================
0 183505 112 2500  1200 12 13 14 15 16 56 55 54 94 95 96 133 134 135 136 137 177 176 175 174 173 172 171 170 210 211 251 291 331 371 411 451 491 531 571 611 651 691 731 771 811 851 891 931 971 1011 1051 1091 1131 1171 1170 1130 1090 1050 1010 970 930 890 850 810 770 730 690 650 610 570 530 490 450 410 370 330 290 250 249 289 329 369 409 449 489 529 569 609 649 689 729 769 809 849 889 929 969 1009 1049 1089 1129 1169 536 496 456 416 417 457 497 537 577 617 657 697 737 1059 1200
1 207037 124 2420  1200 6 5 4 43 44 45 46 47 48 49 89 88 87 86 85 84 83 123 124 164 163 162 161 160 200 201 202 203 204 205 245 285 325 365 405 445 485 525 565 605 645 685 725 765 805 845 885 925 965 1005 1045 1085 1125 1165 1164 1124 1084 1044 1004 964 924 884 844 804 764 724 684 644 604 564 524 484 444 404 364 324 284 244 243 283 323 363 403 443 483 523 563 603 643 683 723 763 803 843 883 923 963 1003 1043 1083 1123 1163 1162 1122 1082 1042 1002 962 922 882 842 802 762 722 682 642 602 562 522 482 442 402 362 322 1200
2 207747 116 2500  1200 26 25 24 64 65 66 106 105 104 144 143 142 182 183 184 185 225 224 264 304 344 384 424 464 504 544 584 624 664 704 744 784 824 864 904 944 984 1024 1064 1104 1144 1184 1185 1145 1105 1065 1025 985 945 905 865 825 785 745 705 665 625 585 545 505 465 425 385 345 305 265 269 309 349 389 429 469 509 549 589 629 669 709 749 789 829 869 909 949 989 1029 1069 1109 1149 1189 1190 1150 1110 1031 991 951 911 871 831 791 751 711 671 631 591 551 511 471 431 391 618 658 698 738 778 818 1200
3 215768 123 2470  1200 38 37 36 35 34 74 75 76 116 115 114 155 154 153 193 194 195 196 197 198 199 239 238 278 318 358 398 438 478 518 558 598 638 678 718 758 798 838 878 918 958 998 1038 1078 1118 1158 1198 1199 1159 1119 1079 1039 999 959 919 879 839 799 759 719 679 639 599 559 519 479 439 399 359 319 279 240 280 320 360 400 440 480 520 560 600 640 680 720 760 800 840 880 920 960 1000 1040 1080 1120 1160 1161 1121 1081 1041 1001 961 921 881 841 801 761 721 681 641 601 561 521 481 441 401 361 321 281 241 242 282 1139 1179 1200
4 154505 103 2290  1200 33 32 31 30 70 71 72 73 113 112 111 151 152 192 191 190 189 188 228 229 230 231 232 233 234 235 275 315 355 395 435 475 515 555 595 635 675 715 755 795 835 875 915 955 995 1035 1075 1115 1155 1195 1194 1154 1114 1074 1034 994 954 914 874 834 794 754 714 674 634 594 554 514 474 434 394 354 314 313 353 393 433 473 513 553 593 633 673 713 753 793 833 873 913 953 993 1033 1073 1113 1153 1193 1071 257 297 777 817 857 897 1200
5 229228 126 2500  1200 17 18 19 20 60 59 58 57 97 98 99 139 138 178 179 219 218 217 216 215 214 213 212 252 292 332 372 412 452 492 532 572 612 652 692 732 772 812 852 892 932 972 1012 1052 1092 1132 1172 1173 1133 1093 1053 1013 973 933 893 853 813 773 733 693 653 613 573 533 493 453 413 373 333 293 253 254 294 334 374 414 454 494 534 574 614 654 694 734 774 814 854 894 934 974 1014 1054 1094 1134 1174 1175 1135 1095 1055 1015 975 935 895 855 815 775 735 695 655 615 575 535 495 455 415 375 335 295 255 256 296 336 376 377 337 1099 1200
6 188925 115 2150  1200 3 2 1 0 39 42 41 40 79 78 77 117 118 119 80 81 82 122 121 120 159 158 157 156 236 237 277 317 357 397 437 477 517 557 597 637 677 717 757 797 837 877 917 957 997 1037 1077 1117 1157 1197 1196 1156 1116 1076 1036 996 956 916 876 836 796 756 716 676 636 596 556 516 476 436 396 356 316 276 274 273 272 271 311 351 312 352 392 432 472 512 552 592 632 672 712 752 792 832 872 912 952 992 1032 1072 1112 1152 1192 1191 1151 1111 858 898 938 978 1018 1058 1098 1138 1178 1200
7 221665 122 2500  1200 27 28 29 69 68 67 107 108 109 110 150 149 148 147 146 145 186 187 227 226 266 306 346 386 426 466 506 546 586 626 666 706 746 786 826 866 906 946 986 1026 1066 1106 1146 1186 1187 1147 1107 1067 1027 987 947 907 867 827 787 747 707 667 627 587 547 507 467 427 387 347 307 267 268 308 348 388 428 468 508 548 588 628 668 708 748 788 828 868 908 948 988 1028 1068 1108 1148 1188 1070 1030 990 950 910 870 830 790 750 710 670 630 590 550 510 470 430 390 350 310 270 258 298 338 378 418 458 498 538 578 1200
8 229448 125 2170  1200 7 8 9 10 11 50 51 52 53 93 92 91 90 132 131 130 129 128 127 126 125 165 166 167 168 169 209 208 207 206 246 286 326 366 406 446 486 526 566 606 646 686 726 766 806 846 886 926 966 1006 1046 1086 1126 1166 1167 1127 1087 1047 1007 967 927 887 847 807 767 727 687 647 607 567 527 487 447 407 367 327 287 247 248 288 328 368 408 448 488 528 568 608 648 688 728 768 808 848 888 928 968 1008 1048 1088 1128 1168 576 616 656 696 736 776 816 856 896 936 976 1016 1056 1096 1136 1176 1177 1137 1097 1057 1017 977 937 1200
9 265924 134 2500  1200 23 22 21 61 62 63 103 102 101 100 140 141 181 180 220 221 222 223 263 303 343 383 423 463 503 543 583 623 663 703 743 783 823 863 903 943 983 1023 1063 1103 1143 1183 1182 1142 1102 1062 1022 982 942 902 862 822 782 742 702 662 622 582 542 502 462 422 382 342 302 262 261 301 341 381 421 461 501 541 581 621 661 701 741 781 821 861 901 941 981 1021 1061 1101 1141 1181 1180 1140 1100 1060 1020 980 940 900 860 820 780 740 700 660 620 580 540 500 460 420 380 340 300 260 259 299 339 379 419 459 499 539 579 619 659 699 739 779 819 859 899 939 979 1019 1200
INITIAL BEST COST= 2.10375e+006


