0 | 2 | 51 52 
1 | 2 | 53 51 
2 | 2 | 53 52 
3 | 1 | 50 
4 | 3 | 52 51 53 
5 | 2 | 51 53 
6 | 2 | 51 53 
7 | 3 | 51 53 52 
8 | 2 | 52 51 
9 | 2 | 52 50 
10 | 2 | 51 52 
11 | 2 | 51 52 
12 | 2 | 50 53 
13 | 2 | 51 50 
14 | 3 | 50 52 51 
15 | 2 | 52 53 
16 | 2 | 50 52 
17 | 2 | 50 51 
18 | 1 | 50 
19 | 2 | 53 51 
20 | 1 | 53 
21 | 3 | 53 51 52 
22 | 2 | 51 53 
23 | 2 | 51 50 
24 | 2 | 50 51 
25 | 2 | 51 53 
26 | 2 | 51 53 
27 | 3 | 53 51 52 
28 | 1 | 53 
29 | 2 | 52 50 
30 | 3 | 51 53 52 
31 | 2 | 51 53 
32 | 3 | 52 50 51 
33 | 1 | 52 
34 | 2 | 53 51 
35 | 2 | 53 51 
36 | 2 | 50 52 
37 | 3 | 52 53 50 
38 | 2 | 52 50 
39 | 1 | 50 
40 | 1 | 50 
41 | 2 | 50 52 
42 | 1 | 51 
43 | 2 | 50 52 
44 | 3 | 50 52 51 
45 | 3 | 51 50 53 
46 | 2 | 51 50 
47 | 2 | 51 53 
48 | 2 | 52 50 
49 | 1 | 52 
50 | 2 | 50 52 
51 | 3 | 51 52 53 
52 | 3 | 52 53 50 
53 | 2 | 53 51 
0.18
