0 0
3 -11
5 -17
5 -19
7 -19
9 -19
11 -19
13 -19
15 -19
17 -19
19 -19
19 -17
17 -17
15 -17
13 -17
13 -15
13 -13
11 -13
9 -11
0 0


0 0
-7 13
-7 15
-9 19
-11 19
-13 19
-15 19
-17 19
-19 19
-19 17
-17 17
-15 17
-15 15
-15 13
-13 13
-13 11
-13 9
-11 7
0 0


0 0
-13 7
-15 7
-17 7
-17 9
-15 9
-15 11
-17 11
-17 13
-17 15
-19 15
-19 13
-19 11
-19 9
-19 7
-19 5
-17 5
-15 5
-11 3
0 0


0 0
-5 -13
-5 -15
-7 -17
-5 -17
-5 -19
-7 -19
-9 -19
-11 -19
-13 -19
-15 -19
-15 -17
-13 -17
-11 -17
-9 -17
-9 -15
-7 -15
-7 -13
-5 -11
0 0


0 0
-13 -7
-15 -9
-17 -11
-19 -11
-19 -13
-19 -15
-19 -17
-19 -19
-17 -19
-17 -17
-17 -15
-15 -15
-13 -15
-11 -15
-9 -13
-7 -11
-5 -9
0 0


0 0
11 11
13 13
13 15
15 15
15 17
15 19
17 19
19 19
19 17
17 17
17 15
15 13
15 11
13 11
11 9
9 7
0 0


0 0
11 -7
13 -7
15 -7
19 -9
19 -11
17 -11
17 -13
19 -13
19 -15
17 -15
15 -15
15 -13
15 -11
13 -11
11 -11
9 -9
0 0


0 0
11 3
15 3
17 3
19 3
19 5
19 7
19 9
19 11
19 13
19 15
17 13
17 11
17 9
15 9
13 9
11 7
9 5
0 0


0 0
7 9
7 11
7 13
9 15
9 17
9 19
11 19
13 19
13 17
11 17
11 15
11 13
9 13
9 11
9 9
0 0


0 0
-1 11
-1 13
-1 15
-1 17
-1 19
1 19
3 19
5 19
7 19
7 17
5 17
5 15
7 15
5 13
5 11
5 9
0 0


0 0
-9 -5
-11 -5
-13 -5
-15 -5
-17 -5
-19 -5
-19 -7
-19 -9
-17 -9
-17 -7
-15 -7
-13 -9
-11 -9
-11 -7
-9 -7
0 0


0 0
-9 9
-11 9
-11 11
-11 13
-11 15
-13 15
-13 17
-11 17
-9 17
-9 15
-9 13
-9 11
-7 11
-7 9
0 0


0 0
7 -9
7 -11
7 -13
9 -13
9 -15
11 -15
11 -17
9 -17
7 -17
7 -15
5 -15
5 -13
5 -11
5 -9
0 0


0 0
9 -3
11 -3
13 -3
15 -3
17 -1
17 -3
19 -3
19 -1
19 1
17 1
15 1
15 -1
13 -1
11 -1
9 -1
0 0


0 0
-9 -1
-11 -1
-13 -1
-15 -1
-17 -1
-17 1
-19 3
-19 1
-19 -1
-19 -3
-17 -3
-15 -3
-13 -3
-11 -3
-9 -3
0 0


0 0
9 -5
11 -5
13 -5
15 -5
17 -5
19 -5
19 -7
17 -7
17 -9
15 -9
13 -9
11 -9
9 -7
7 -5
0 0


0 0
-5 7
-5 9
-5 11
-5 13
-5 15
-5 17
-7 17
-7 19
-5 19
-3 19
-3 17
-3 15
-3 13
-3 11
0 0


0 0
-5 -7
-7 -9
-9 -11
-11 -13
-13 -13
-15 -13
-17 -13
-15 -11
-13 -11
-11 -11
-9 -9
-7 -7
0 0


0 0
-3 -7
-3 -9
-3 -11
-3 -13
-3 -15
-3 -17
-3 -19
-1 -19
1 -19
3 -19
3 -17
3 -15
3 -13
3 -9
0 0


0 0
9 1
11 1
13 1
13 3
13 5
15 5
17 5
17 7
15 7
13 7
11 5
9 3
7 3
0 0


0 0
-7 7
-9 7
-11 5
-13 5
-13 3
-15 3
-17 3
-15 1
-13 1
-11 1
-9 1
-7 1
0 0


0 0
3 7
3 9
3 11
3 13
3 15
3 17
1 17
1 15
1 13
1 11
1 9
1 7
0 0


0 0
1 -7
1 -9
1 -11
1 -13
1 -15
1 -17
-1 -17
-1 -15
-1 -13
-1 -11
-1 -9
-1 -7
0 0


0 0
-5 3
-5 5
-7 5
-9 5
-9 3
-7 3
-5 1
0 0


0 0
1 5
-1 5
-1 7
-1 9
-3 9
-3 7
-3 5
0 0


0 0
3 -5
5 -5
7 -7
5 -7
3 -7
1 -5
0 0


0 0
3 5
5 5
5 7
7 7
7 5
5 3
0 0


0 0
-5 -1
-7 -1
-7 -3
-7 -5
-5 -5
-5 -3
0 0


0 0
5 -1
5 -3
7 -3
7 -1
7 1
5 1
0 0


0 0
-3 -3
-3 -5
-1 -5
-1 -3
0 0


0 0
3 -1
3 -3
1 -3
0 0


0 0
-1 3
-3 3
-3 1
0 0


0 0
3 1
3 3
1 3
0 0


0 0
-3 -1
0 0


