0 257360 4 9    52 46 1 36 26 52 
1 150990 2 16    50 33 16 50 
2 193241 2 5    50 14 2 50 
3 183153 3 16    50 28 7 29 50 
4 78310 2 3    52 49 23 52 
5 98994 2 16    51 25 45 51 
6 58864 2 10    54 21 0 54 
7 88284 2 13    50 5 13 50 
8 385235 4 18    52 40 15 32 4 52 
9 50990 1 8    52 37 52 
10 314924 3 21    52 18 8 30 52 
11 60000 2 8    53 47 38 53 
12 50645 2 16    55 43 27 55 
13 111980 2 14    51 6 35 51 
14 111231 3 16    50 20 10 22 50 
15 178415 3 14    53 48 3 11 53 
16 87148 2 8    52 17 19 52 
17 122112 2 10    55 44 34 55 
18 140000 4 21    55 9 42 24 12 55 
19 247963 3 32    55 41 31 39 55 
BEST COST= 2969839    RUN TIME= 5.22671