0 160225 4 27    100 2 88 70 3 100 
1 191420 5 27    102 62 21 43 69 1 102 
2 233575 4 30    100 14 27 20 40 100 
3 99302 2 5    100 34 56 100 
4 214142 5 44    102 84 81 77 30 42 102 
5 173043 3 24    103 18 31 94 103 
6 64340 2 9    101 25 68 101 
7 227988 5 15    101 79 90 60 16 75 101 
8 210841 3 24    101 37 73 64 101 
9 284166 6 39    102 83 58 11 15 49 12 102 
10 84722 3 10    102 59 52 63 102 
11 243218 4 8    102 24 39 53 97 102 
12 265562 5 26    102 48 33 78 72 35 102 
13 94142 2 14    103 95 46 103 
14 220000 4 8    103 61 87 29 89 103 
15 285562 5 20    103 10 32 65 99 91 103 
16 230000 5 48    103 26 22 55 71 82 103 
17 214142 3 6    104 4 47 80 104 
18 145432 4 26    104 54 7 44 23 104 
19 333231 5 18    104 8 98 74 17 51 104 
20 347380 5 32    104 92 96 76 67 93 104 
21 290929 5 32    105 6 9 66 86 5 105 
22 308994 4 19    105 38 50 19 36 105 
23 141623 3 12    105 28 0 41 105 
24 206492 4 15    105 57 45 13 85 105 
BEST COST= 5270471    RUN TIME= 36.0812