0 | 1 | 51 
1 | 3 | 50 53 51 
2 | 2 | 50 52 
3 | 2 | 51 52 
4 | 3 | 51 52 53 
5 | 2 | 53 50 
6 | 2 | 52 53 
7 | 3 | 52 53 51 
8 | 3 | 51 53 52 
9 | 1 | 51 
10 | 4 | 53 50 52 51 
11 | 3 | 53 50 52 
12 | 1 | 53 
13 | 2 | 52 53 
14 | 3 | 51 50 52 
15 | 2 | 51 52 
16 | 3 | 51 52 53 
17 | 1 | 51 
18 | 3 | 53 50 52 
19 | 2 | 52 53 
20 | 3 | 52 50 51 
21 | 2 | 52 53 
22 | 1 | 52 
23 | 1 | 51 
24 | 3 | 51 50 52 
25 | 2 | 51 52 
26 | 1 | 50 
27 | 2 | 51 52 
28 | 2 | 52 50 
29 | 2 | 52 53 
30 | 1 | 51 
31 | 2 | 50 52 
32 | 2 | 52 50 
33 | 3 | 52 51 50 
34 | 3 | 52 51 53 
35 | 3 | 52 51 53 
36 | 2 | 51 52 
37 | 2 | 52 53 
38 | 2 | 52 51 
39 | 2 | 50 52 
40 | 4 | 53 51 50 52 
41 | 2 | 52 50 
42 | 2 | 50 52 
43 | 2 | 52 53 
44 | 3 | 52 53 51 
45 | 3 | 51 52 50 
46 | 1 | 51 
47 | 3 | 53 51 52 
48 | 3 | 52 53 51 
49 | 2 | 51 53 
50 | 2 | 50 52 
51 | 1 | 51 
52 | 2 | 52 53 
53 | 1 | 53 
0.22
