0 | 1 | 54 
1 | 2 | 52 55 
2 | 4 | 50 55 53 52 
3 | 3 | 53 55 50 
4 | 2 | 52 50 
5 | 3 | 50 53 52 
6 | 3 | 51 53 55 
7 | 3 | 50 52 55 
8 | 2 | 52 54 
9 | 2 | 55 50 
10 | 3 | 50 53 55 
11 | 3 | 50 53 55 
12 | 2 | 55 52 
13 | 2 | 50 53 
14 | 4 | 50 55 53 52 
15 | 2 | 52 54 
16 | 2 | 50 52 
17 | 2 | 52 55 
18 | 2 | 52 55 
19 | 2 | 52 55 
20 | 3 | 50 53 55 
21 | 2 | 54 51 
22 | 2 | 50 54 
23 | 2 | 52 55 
24 | 1 | 55 
25 | 2 | 51 54 
26 | 3 | 52 50 55 
27 | 2 | 55 54 
28 | 2 | 50 52 
29 | 3 | 50 52 51 
30 | 2 | 52 50 
31 | 4 | 55 50 52 53 
32 | 2 | 52 50 
33 | 3 | 50 51 52 
34 | 3 | 55 50 52 
35 | 3 | 53 51 55 
36 | 3 | 52 50 55 
37 | 2 | 52 55 
38 | 3 | 53 55 50 
39 | 4 | 55 52 50 54 
40 | 2 | 52 55 
41 | 3 | 55 54 50 
42 | 2 | 55 50 
43 | 2 | 55 54 
44 | 2 | 55 50 
45 | 1 | 51 
46 | 2 | 52 55 
47 | 3 | 53 54 50 
48 | 3 | 53 50 55 
49 | 1 | 52 
50 | 3 | 50 53 55 
51 | 3 | 51 53 50 
52 | 2 | 52 55 
53 | 3 | 53 55 50 
54 | 2 | 54 55 
55 | 3 | 55 54 50 
0.08
