0 | 2 | 53 52 
1 | 2 | 54 50 
2 | 4 | 50 55 52 54 
3 | 3 | 55 51 53 
4 | 2 | 54 52 
5 | 2 | 53 50 
6 | 3 | 50 55 52 
7 | 2 | 55 50 
8 | 2 | 55 51 
9 | 2 | 51 53 
10 | 2 | 51 55 
11 | 2 | 50 52 
12 | 3 | 50 53 55 
13 | 3 | 50 53 52 
14 | 3 | 55 52 53 
15 | 2 | 50 51 
16 | 2 | 51 53 
17 | 2 | 51 53 
18 | 3 | 55 50 54 
19 | 2 | 51 55 
20 | 4 | 50 55 52 54 
21 | 2 | 54 52 
22 | 2 | 51 55 
23 | 2 | 52 53 
24 | 2 | 55 53 
25 | 4 | 52 50 55 54 
26 | 2 | 51 50 
27 | 2 | 52 53 
28 | 2 | 52 51 
29 | 2 | 52 50 
30 | 3 | 53 52 55 
31 | 2 | 51 55 
32 | 3 | 53 54 55 
33 | 3 | 55 51 53 
34 | 2 | 55 51 
35 | 2 | 55 51 
36 | 2 | 55 51 
37 | 3 | 51 55 54 
38 | 2 | 55 51 
39 | 2 | 55 51 
40 | 2 | 51 55 
41 | 3 | 50 53 55 
42 | 2 | 51 53 
43 | 2 | 55 51 
44 | 3 | 52 50 54 
45 | 2 | 51 55 
46 | 3 | 55 50 52 
47 | 2 | 50 55 
48 | 2 | 50 53 
49 | 3 | 52 53 55 
50 | 3 | 50 55 52 
51 | 3 | 51 52 53 
52 | 3 | 52 55 50 
53 | 3 | 53 54 52 
54 | 2 | 54 52 
55 | 3 | 55 50 52 
0
