0 | 2 | 97 99 
1 | 1 | 98 
2 | 1 | 98 
3 | 1 | 99 
4 | 2 | 97 96 
5 | 1 | 98 
6 | 1 | 97 
7 | 1 | 96 
8 | 3 | 96 97 99 
9 | 2 | 98 97 
10 | 2 | 99 97 
11 | 1 | 98 
12 | 1 | 96 
13 | 1 | 98 
14 | 3 | 99 98 96 
15 | 2 | 96 98 
16 | 2 | 96 98 
17 | 1 | 98 
18 | 2 | 96 97 
19 | 2 | 96 98 
20 | 2 | 99 97 
21 | 3 | 98 97 96 
22 | 2 | 99 97 
23 | 1 | 98 
24 | 2 | 96 97 
25 | 2 | 99 97 
26 | 1 | 96 
27 | 2 | 99 97 
28 | 2 | 99 98 
29 | 2 | 99 98 
30 | 2 | 99 98 
31 | 2 | 97 99 
32 | 2 | 97 99 
33 | 1 | 99 
34 | 2 | 99 97 
35 | 2 | 98 96 
36 | 2 | 96 98 
37 | 1 | 96 
38 | 1 | 96 
39 | 2 | 99 97 
40 | 3 | 96 99 98 
41 | 3 | 97 98 96 
42 | 2 | 96 99 
43 | 2 | 96 98 
44 | 2 | 99 98 
45 | 3 | 99 97 96 
46 | 3 | 97 96 99 
47 | 1 | 98 
48 | 2 | 99 98 
49 | 1 | 98 
50 | 1 | 98 
51 | 1 | 99 
52 | 2 | 98 99 
53 | 2 | 99 98 
54 | 2 | 96 97 
55 | 2 | 98 96 
56 | 2 | 99 97 
57 | 2 | 99 98 
58 | 2 | 96 98 
59 | 3 | 96 99 98 
60 | 1 | 99 
61 | 2 | 96 98 
62 | 2 | 99 96 
63 | 2 | 96 97 
64 | 2 | 97 99 
65 | 2 | 98 96 
66 | 1 | 98 
67 | 1 | 96 
68 | 2 | 96 98 
69 | 3 | 96 99 98 
70 | 2 | 98 96 
71 | 2 | 96 99 
72 | 2 | 96 98 
73 | 2 | 96 97 
74 | 2 | 99 98 
75 | 1 | 98 
76 | 1 | 99 
77 | 2 | 97 99 
78 | 2 | 99 97 
79 | 1 | 98 
80 | 2 | 96 97 
81 | 2 | 99 97 
82 | 2 | 99 98 
83 | 2 | 96 98 
84 | 3 | 98 97 96 
85 | 1 | 96 
86 | 3 | 97 96 99 
87 | 2 | 97 99 
88 | 1 | 99 
89 | 1 | 99 
90 | 2 | 99 97 
91 | 1 | 96 
92 | 1 | 96 
93 | 2 | 97 96 
94 | 3 | 99 96 98 
95 | 1 | 98 
96 | 2 | 96 97 
97 | 2 | 97 99 
98 | 2 | 98 96 
99 | 2 | 99 98 
0.322917
